# Dome Fuji Oxygen Isotope and Dust Data over the past 720 ka
#-----------------------------------------------------------------------
#               World Data Service for Paleoclimatology, Boulder
#                                   and
#                      NOAA Paleoclimatology Program
#-----------------------------------------------------------------------
# Template Version 4.0
# Encoding: UTF-8
# NOTE: Please cite original publication, NOAA Landing Page URL, dataset and publication DOIs (where available), and date accessed when using downloaded data.
# If there is no publication information, please cite investigator, study title, NOAA Landing Page URL, and date accessed.
#
# Description/Documentation lines begin with '#' followed by a space
# Data lines have no '#'
#
# NOAA_Landing_Page: https://www.ncei.noaa.gov/access/paleo-search/study/38920
#   Landing_Page_Description: NOAA Landing Page of this file's parent study, which includes all study metadata.
#
# Study_Level_JSON_Metadata: https://www.ncei.noaa.gov/pub/data/metadata/published/paleo/json/noaa-icecore-38920.json
#   Study_Level_JSON_Description: JSON metadata of this data file's parent study, which includes all study metadata.
#
# Data_Type: Ice Cores
#
# Dataset_DOI: 10.25921/zphz-qz79
#
# Science_Keywords: Earth Surface Conditions Reconstruction
#---------------------------------------
# Resource_Links
#
# Data_Download_Resource: https://www.ncei.noaa.gov/pub/data/paleo/icecore/antarctica/kawamura2017/kawamura2017-df1_dust_count-concentr.txt
#   Data_Download_Description: NOAA Template File; DF1 Dust Count and Concentration Data
#
# Original_Source_URL: https://doi.org/10.17592/001.2019121622
#   Original_Source_Description: NIPR ADS Data Repository
#---------------------------------------
# Contribution_Date
#   Date: 2024-01-15
#---------------------------------------
# File_Last_Modified_Date
#   Date: 2024-12-30
#---------------------------------------
# Title
#   Study_Name: Dome Fuji Oxygen Isotope and Dust Data over the past 720 ka
#---------------------------------------
# Investigators
#   Investigators: Kawamura, Kenji; Motoyama, Hideaki; Goto-Azuma, Kumiko; Uemura, Ryu; Oyabu, Ikumi
#---------------------------------------
# Description_Notes_and_Keywords
#   Description: There are two ice cores (DF1 and DF2) from Dome Fuji, Antarctica. The DF1 and DF2 cores were drilled in 1990's and 2000's, respectively. The overall 720 kyr records consist of DF1 data for 0-340 ka (measured mainly in 1990's) and DF2 data for 300-720 ka (measured after 2007). The raw d18O data for DF1 are the same as those used in Watanabe et al., 2003 and Kawamura et al., 2007. The DF2 d18O below 2400 m were measured in sawdust samples (fine ice chips produced from longitudinal cutting of the ice core) that were continuously collected at Dome Fuji with 50-cm resolution. All DF2 d18O samples were collected and sealed in plastic bags and transported frozen to Japan. They were melted at the Nation- al Institute of Polar Research (NIPR) before analysis. d18O was measured with a mass spectrometer (Finnigan MAT DELTAplus) at NIPR, using the isotope equilibration technique with analytical precision (1 s.d.) of 0.05‰. The DF2 sawdust d18O data agree well with the DF1 d18O data measured using ice across the overlapping depth interval (2400 to 2500 m). DFO-2006 time scale (based on orbital tuning of O2/N2 to local summer solstice insolation) for the past ~342 ky and the AICC2012 time scale for the period older than ~344 ka. The DF and EDC ice cores were synchronized by matching isotope records with an automated matching software (Match 2.3).
#---------------------------------------
# Publication
#   Authors: Dome Fuji Ice Core Project Members, Kawamura, K., Abe-Ouchi, A., Motoyama, H., Ageta, Y., Aoki, S., Azuma, N., Fujii, Y., Fujita, K., Fujita, S., Fukui, K., Furukawa, T., Furusaki, A., Goto-Azuma, K., Greve, R., Hirabayashi, M., Hondoh, T., Hori, A., Horikawa, S., Horiuchi, K., Igarashi, M., Iizuka, Y., Kameda, T., Kanda, H., Kohno, M., Kuramoto, T., Matsushi, Y., Miyahara, M., Miyake, T., Miyamoto, A., Nagashima, Y., Nakayama, Y., Nakazawa, T., Nakazawa, F., Nishio, F., Obinata, I., Ohgaito, R., Oka, A., Okuno, J., Okuyama, J., Oyabu, I., Parrenin, F., Pattyn, F., Saito, F., Saito, T., Saito, T., Sakurai, T., Sasa, K., Seddik, H., Shibata, Y., Shinbori, K., Suzuki, K., Suzuki, T., Takahashi, A., Takahashi, K., Takahashi, S., Takata, M., Tanaka, Y., Uemura, R., Watanabe, G., Watanabe, O.
#   Published_Date_or_Year: 2017
#   Published_Title: State dependence of climatic instability over the past 720,000 years from Antarctic ice cores and climate modeling
#   Journal_Name: Science Advances
#   Volume: 3
#   Edition: 
#   Issue: 
#   Pages: 
#   Report_Number: e1600446
#   DOI: 10.1126/sciadv.1600446
#   Online_Resource: 
#   Full_Citation: 
#   Abstract: Climatic variabilities on millennial and longer time scales with a bipolar seesaw pattern have been documented in paleoclimatic records, but their frequencies, relationships with mean climatic state, and mechanisms remain unclear. Understanding the processes and sensitivities that underlie these changes will underpin better understanding of the climate system and projections of its future change. We investigate the long-term characteristics of climatic variability using a new ice-core record from Dome  Fuji, East Antarctica, combined with an existing long record from the Dome C ice core. Antarctic warming events over the past 720,000 years are most frequent when the Antarctic temperature is slightly below average on orbital time scales, equivalent to an intermediate climate during glacial periods, whereas interglacial and fully glaciated climates are unfavourable for a millennial-scale bipolar seesaw. Numerical experiments using a fully coupled atmosphere-ocean general circulation model with freshwater hosing in the northern North Atlantic showed that climate becomes most unstable in intermediate glacial conditions associated with large changes in sea ice and the Atlantic Meridional Overturning Circulation. Model sensitivity experiments suggest that the prerequisite for the most frequent climate instability with bipolar seesaw pattern during the late Pleistocene era is associated with reduced atmospheric CO2 concentration via global cooling and sea ice formation in the North Atlantic, in addition to extended Northern Hemisphere ice sheets.
#---------------------------------------
# Publication
#   Authors: Watanabe, O., Jouzel, J., Johnsen, S., Parrenin, F., Shoji, H., and Yoshida, N.
#   Published_Date_or_Year: 2007
#   Published_Title: Homogeneous climate variability across East Antarctica over the past three glacial cycles
#   Journal_Name: Nature
#   Volume: 422
#   Edition: 
#   Issue: 
#   Pages: 509-512
#   Report_Number: 
#   DOI: 10.1038/nature01525
#   Online_Resource: 
#   Full_Citation: 
#   Abstract: 
#---------------------------------------
# Publication
#   Authors: Kawamura, K., Parrenin, F., Lisiecki, L., Uemura, R., Vimeux, F., Severinghaus, J. P., Hutterli, M. A., Nakazawa, T., Aoki, S., Jouzel, J., Raymo, M. E., Matsumoto, K., Nakata, H., Motoyama, H., Fujita, S., Goto-Azuma, K., Fujii, Y., and Watanabe, O.
#   Published_Date_or_Year: 2007
#   Published_Title: Northern Hemisphere forcing of climatic cycles in Antarctica over the past 360,000 years
#   Journal_Name: Nature
#   Volume: 448
#   Edition: 
#   Issue: 
#   Pages: 912-916
#   Report_Number: 
#   DOI: 10.1038/nature06015
#   Online_Resource: 
#   Full_Citation: 
#   Abstract: 
#---------------------------------------
# Publication
#   Authors: Y. Fujii, M. Kohno, S. Matoba, H. Motoyama and O. Watanabe
#   Published_Date_or_Year: 2003
#   Published_Title: A 320 K-Year Record of Microparticles in the Dome Fuji, Antarctica Ice Core Measured by Laser-Light Scattering
#   Journal_Name: Memories of National Institute of Polar Research Special Issue
#   Volume: 57
#   Edition: 
#   Issue: 
#   Pages: 46-62
#   Report_Number: 
#   DOI: 
#   Online_Resource: 
#   Full_Citation: 
#   Abstract: 
#---------------------------------------
# Funding_Agency
#   Funding_Agency_Name: Japan Society for the Promotion of Science (JSPS)
#   Grant: 14GS0202, 15101001, 16201005, 18340135, 19201003, 18340135, 21221002, 21671001, 22101005, 25241005, 26241011
#---------------------------------------
# Funding_Agency
#   Funding_Agency_Name: Environment Research and Technology Development Fund
#   Grant: 
#---------------------------------------
# Site_Information
#   Site_Name: Dome Fuji
#   Location: Antarctica
#   Northernmost_Latitude: 77.31694
#   Southernmost_Latitude: 77.31694
#   Easternmost_Longitude: 39.70333
#   Westernmost_Longitude: 39.70333
#   Elevation_m: 3810
#---------------------------------------
# Data_Collection
#   Collection_Name: df1_dust_count-concentration
#   First_Year: 339703
#   Last_Year: 2953
#   Time_Unit: calendar year before present
#   Core_Length_m: 
#   Parameter_Keywords: physical properties
#   Notes: DFO-2006 time scale (based on orbital tuning of O2/N2 to local summer solstice insolation) for the past ~342 ky and the AICC2012 time scale for the period older than ~344 ka. The DF and EDC ice cores were synchronized by matching isotope records with an automated matching software (Match 2.3). Microparticles (insoluble dust) were analyzed using a laser particle counter in 0.1-m-long DF2 ice samples; cut at the NIPR in 0.5-m depth intervals between 2400 and 3028 m. For decontamination; the 3-mm surface of the samples was scraped off with a precleaned ceramic knife. The samples were then melted in contamination-free plastic bags. The first fraction of melt was discarded; and the rest was used for analysis. Number concentrations and size distribution of microparticles (0.52 to 3.11 mm diameter) were measured using a nine-channel laser particle counter (model 211; Met One Inc.) with an improved method based on our previous work. Raw dust data for the DF1 core were re-calibrated with a new calibration curve that was used for DF2 measurements. Moreover; the raw data were carefully examined; and outliers and data apparently affected by air bubbles were removed. 
#---------------------------------------
# Chronology_Information 
# Chronology: 
#---------------------------------------
# Variables
# PaST_Thesaurus_Download_Resource: https://www.ncei.noaa.gov/access/paleo-search/skos/past-thesaurus.rdf
#   PaST_Thesaurus_Download_Description: Paleoenvironmental Standard Terms (PaST) Thesaurus terms, definitions, and relationships in SKOS format.
#
# Data variables follow that are preceded by "##" in columns one and two.
# Variables list, one per line, shortname-tab-var components: what, material, error, units, seasonality, data type, detail, method, C or N for Character or Numeric data)
#
## df1_top	depth at sample end,,,meter,,Ice Cores,,,N,
## df1_bottom	depth at sample start,,,meter,,Ice Cores,,,N,
## df1_center_depth	depth,,,meter,,Ice Cores,,,N,
## age_dfo2006_aicc2012	ice age,,,calendar year before present,,Ice Cores,,,N,Center age (dfo2006_aicc2012); DFO-2006 time scale was used for the record past ~342 ky
## age_aicc2012	ice age,,,calendar year before present,,Ice Cores,,,N,Center age (AICC2012); AICC2012 time scale was used throughout the period due to core extending past past ~342 ky
## dust_count	dust,,,count per milligram,,Ice Cores,,,N,10^3/mL
## dust_concentration	dust,,,parts per billion,,Ice Cores,,,N,parts per billion by volume
#------------------------
# Data:
# Data lines follow (have no #)
# Data line format - tab-delimited text, variable short name as header
# Missing_Values: NA
df1_top	df1_bottom	df1_center_depth	age_dfo2006_aicc2012	age_aicc2012	dust_count	dust_concentration
112.59	112.72	112.66	2953	3270	9.73	2.85
115.00	115.09	115.05	3036	3363	42.10	11.4
120.69	120.78	120.74	3248	3598	26.20	8.06
124.70	124.78	124.74	3397	3763	11.50	3.75
130.64	130.73	130.69	3617	4008	9.29	2.88
135.56	135.68	135.62	3795	4206	59.70	11.9
140.62	140.73	140.68	3979	4409	27.50	6.32
145.57	145.77	145.67	4152	4601	31.00	10.9
150.72	150.82	150.77	4329	4798	23.20	5.97
154.81	154.88	154.84	4473	4950	52.20	17.1
159.50	159.59	159.55	4642	5119	24.10	8.16
169.47	169.58	169.53	4996	5472	26.90	11.5
171.46	171.56	171.51	5066	5543	37.90	11
175.34	175.45	175.40	5208	5684	12.60	5.71
180.38	180.48	180.43	5391	5867	30.20	10.7
185.49	185.57	185.53	5579	6055	13.60	7.45
190.37	190.48	190.43	5763	6239	20.40	7.93
195.35	195.45	195.40	5942	6419	28.70	11.9
200.08	200.17	200.13	6119	6595	20.40	8.91
202.50	202.58	202.54	6205	6682	9.20	3.18
204.35	204.45	204.40	6273	6750	41.40	18.9
208.34	208.44	208.39	6409	6887	21.40	11.5
210.33	210.43	210.38	6478	6955	23.60	11.4
212.35	212.45	212.40	6549	7027	19.70	7.37
214.35	214.45	214.40	6622	7098	11.20	4.62
216.35	216.45	216.40	6696	7172	71.60	22.5
218.45	218.53	218.49	6773	7248	6.14	1.9
220.30	220.40	220.35	6838	7316	30.30	12.4
222.32	222.42	222.37	6913	7389	11.50	4.04
224.30	224.40	224.35	6988	7464	34.80	13.4
225.41	225.51	225.46	7030	7507	14.10	7.55
228.33	228.43	228.38	7143	7619	30.30	15.1
230.33	230.41	230.37	7220	7696	27.90	11.3
232.33	232.43	232.38	7292	7768	15.00	6.11
235.31	235.41	235.36	7399	7875	11.70	4.82
237.33	237.43	237.38	7469	7945	31.10	16.7
239.33	239.43	239.38	7542	8020	20.00	7.77
241.31	241.41	241.36	7618	8095	31.60	12.2
250.44	250.52	250.48	7951	8406	12.90	4.98
252.43	252.52	252.48	8022	8471	39.10	14.5
255.34	255.44	255.39	8129	8567	11.20	2.35
259.40	259.49	259.45	8283	8705	9.83	4.56
261.41	261.49	261.45	8358	8773	9.12	3.1
263.29	263.40	263.35	8430	8837	28.50	9.89
265.35	265.44	265.40	8508	8907	8.94	3.2
267.26	267.36	267.31	8580	8973	30.20	13.6
268.36	268.45	268.41	8620	9008	8.95	3.08
269.26	269.36	269.31	8651	9036	30.30	12.4
271.36	271.45	271.41	8724	9102	10.80	5.49
273.36	273.45	273.41	8795	9165	10.20	3.92
275.26	275.36	275.31	8866	9229	14.80	5.61
276.20	276.28	276.24	8900	9260	9.09	1.81
277.37	277.46	277.42	8942	9298	8.02	3.18
279.27	279.37	279.32	9009	9359	23.40	6.88
281.27	281.37	281.32	9082	9425	46.80	19.4
283.27	283.37	283.32	9156	9491	37.30	10.4
285.27	285.37	285.32	9229	9557	31.10	10.2
287.27	287.37	287.32	9301	9622	16.10	5.7
289.37	289.46	289.42	9377	9688	8.30	2.45
290.33	290.46	290.40	9411	9719	8.68	3.55
293.76	293.86	293.81	9528	9826	11.10	3.66
296.77	296.87	296.82	9635	9921	36.10	10.3
298.72	298.81	298.76	9703	9983	45.60	13.8
305.80	305.90	305.85	9957	10210	11.20	4.63
311.40	311.50	311.45	10152	10387	7.95	3.21
313.80	313.90	313.85	10240	10465	9.83	3.73
316.97	317.05	317.01	10352	10566	25.00	8.2
318.59	318.69	318.64	10408	10617	20.70	6.93
324.40	324.50	324.45	10607	10796	5.24	2
327.04	327.11	327.08	10700	10880	18.40	10.2
328.90	328.97	328.94	10765	10938	10.80	6.58
335.34	335.40	335.37	10992	11143	8.79	4.62
339.32	339.38	339.35	11136	11271	10.70	5.77
345.36	345.42	345.39	11346	11460	17.30	7.98
348.49	348.56	348.53	11451	11557	10.80	3.71
351.76	351.86	351.81	11574	11666	8.92	2.48
355.75	355.85	355.80	11717	11795	14.50	4.54
361.75	361.88	361.82	11935	11991	16.20	7.72
363.78	363.88	363.83	12013	12061	30.00	12.3
365.78	365.88	365.83	12092	12132	22.10	7.5
367.78	367.88	367.83	12174	12206	22.60	8.31
371.78	371.88	371.83	12342	12357	29.40	9.5
380.51	380.62	380.57	12707	12706	106.00	45.1
381.73	381.84	381.79	12762	12761	93.00	37.4
383.26	383.36	383.31	12832	12830	50.90	24
387.21	387.31	387.26	13015	13013	32.00	12.2
389.66	389.75	389.70	13127	13125	45.10	17
392.21	392.31	392.26	13247	13246	26.50	8.81
394.81	394.90	394.86	13370	13368	65.60	20.3
397.68	397.78	397.73	13498	13497	28.60	15
400.42	400.54	400.48	13622	13621	72.80	24.3
402.45	402.56	402.51	13712	13710	13.90	6.75
404.06	404.17	404.12	13782	13781	13.30	5.46
405.67	405.78	405.73	13857	13855	10.70	3.81
406.45	406.57	406.51	13892	13890	16.70	5.63
408.45	408.57	408.51	13981	13979	54.50	24.1
410.45	410.56	410.51	14075	14073	22.60	8.59
411.56	411.67	411.62	14127	14124	10.70	5.49
412.44	412.54	412.49	14166	14163	14.00	5.67
414.46	414.56	414.51	14254	14252	56.90	22.1
416.46	416.58	416.52	14345	14343	22.10	9.44
418.45	418.59	418.52	14433	14431	27.30	9.68
420.43	420.52	420.48	14520	14518	22.40	9.81
422.46	422.57	422.52	14610	14608	149.00	62
424.69	424.79	424.74	14710	14708	37.80	17.3
428.69	428.79	428.74	14902	14900	37.50	16.1
430.45	430.55	430.50	14984	14982	18.70	9.16
432.68	432.78	432.73	15092	15090	20.90	5.48
437.25	437.35	437.30	15313	15311	45.10	12.7
439.25	439.35	439.30	15410	15408	50.00	13.2
440.75	440.85	440.80	15483	15481	41.00	16.4
442.45	442.56	442.51	15567	15565	38.50	16.5
444.45	444.55	444.50	15665	15663	12.30	4.64
447.83	447.93	447.88	15833	15831	18.80	7.42
449.75	449.85	449.80	15930	15937	41.50	18.2
451.75	451.85	451.80	16031	16049	41.20	15.8
453.75	453.85	453.80	16134	16164	44.90	14
455.75	455.85	455.80	16243	16284	37.50	12.4
459.75	459.85	459.80	16468	16535	49.80	22.4
461.75	461.85	461.80	16578	16657	18.00	6.73
463.75	463.85	463.80	16691	16783	36.70	18.7
465.66	465.76	465.71	16803	16907	123.00	48.8
467.78	467.85	467.82	16930	17049	101.00	43.7
471.28	471.35	471.32	17155	17297	36.70	13.5
473.27	473.35	473.31	17281	17436	122.00	57.9
475.42	475.49	475.46	17407	17579	161.00	55.2
476.99	477.06	477.03	17505	17686	168.00	101
478.99	479.06	479.03	17633	17830	85.50	47.3
480.99	481.06	481.03	17769	17980	33.30	17.2
482.99	483.07	483.03	17905	18131	202.00	125
484.99	485.06	485.03	18039	18280	111.00	67.2
486.99	487.06	487.03	18175	18431	65.20	24.2
488.99	489.06	489.03	18316	18587	76.00	52.9
491.12	491.17	491.14	18463	18751	205.00	101
493.02	493.10	493.06	18597	18900	158.00	114
495.01	495.08	495.04	18737	19055	117.00	50.9
497.03	497.10	497.07	18875	19208	132.00	88.2
498.99	499.06	499.03	19010	19358	290.00	183
500.92	500.99	500.96	19145	19509	477.00	237
502.71	502.78	502.75	19274	19652	392.00	240
504.77	504.85	504.81	19422	19817	107.00	40.7
506.77	506.85	506.81	19565	19975	111.00	36.5
508.47	508.54	508.51	19684	20107	182.00	104
510.55	510.62	510.59	19832	20271	80.30	36.7
512.47	512.54	512.51	19965	20421	142.00	62
514.75	514.83	514.79	20129	20603	168.00	79.9
516.75	516.83	516.79	20269	20744	99.80	40.7
519.20	519.28	519.24	20446	20921	156.00	108
520.95	521.02	520.99	20573	21048	166.00	93.4
523.25	523.32	523.29	20744	21219	125.00	47.9
525.08	525.17	525.12	20880	21355	69.60	45
527.25	527.32	527.29	21041	21515	101.00	72.9
529.06	529.12	529.09	21174	21648	211.00	109
531.07	531.18	531.13	21324	21798	61.30	36
532.98	533.05	533.01	21456	21930	113.00	67.9
534.95	535.04	534.99	21594	22068	161.00	94.3
537.33	537.45	537.39	21773	22247	124.00	76.4
539.47	539.57	539.52	21929	22404	200.00	124
541.18	541.25	541.22	22059	22534	107.00	87.9
543.29	543.36	543.32	22214	22689	82.40	75.3
545.22	545.29	545.26	22358	22832	242.00	155
546.68	546.75	546.72	22469	22943	127.00	96.3
548.07	548.14	548.10	22575	23049	158.00	139
549.87	549.94	549.91	22712	23186	171.00	95
552.39	552.46	552.43	22896	23370	285.00	199
553.89	553.96	553.93	23004	23478	176.00	98.3
554.89	554.96	554.93	23075	23549	177.00	129
557.43	557.50	557.47	23250	23724	191.00	76.3
558.98	559.05	559.02	23357	23831	186.00	171
560.54	560.61	560.58	23465	23939	177.00	150
562.43	562.50	562.47	23598	24072	213.00	125
564.88	564.95	564.92	23771	24246	201.00	121
567.16	567.23	567.20	23937	24411	206.00	111
569.68	569.75	569.72	24125	24599	82.70	57.9
571.25	571.32	571.29	24245	24719	212.00	84.6
572.31	572.38	572.35	24327	24801	277.00	183
574.93	575.00	574.97	24534	25008	216.00	128
577.40	577.47	577.44	24722	25196	309.00	198
578.93	579.00	578.97	24837	25312	309.00	292
580.52	580.59	580.56	24963	25436	612.00	352
581.53	581.60	581.57	25041	25515	198.00	143
583.12	583.19	583.16	25163	25637	141.00	97
585.06	585.13	585.10	25315	25788	227.00	154
587.58	587.65	587.62	25514	25987	191.00	107
590.68	590.75	590.72	25763	26237	294.00	285
592.68	592.75	592.72	25921	26395	220.00	147
594.93	595.00	594.97	26095	26569	187.00	140
596.43	596.50	596.47	26204	26679	240.00	226
597.93	598.00	597.97	26316	26790	221.00	195
599.93	600.00	599.97	26468	26942	154.00	117
601.93	602.00	601.97	26620	27093	233.00	165
603.46	603.53	603.50	26739	27212	191.00	107
605.02	605.09	605.06	26858	27335	225.00	199
606.58	606.65	606.62	26982	27470	191.00	137
608.59	608.66	608.63	27130	27635	94.30	53
611.63	611.70	611.67	27344	27875	140.00	128
613.69	613.76	613.73	27500	28047	182.00	114
616.73	616.80	616.77	27726	28298	128.00	98
618.70	618.77	618.74	27872	28461	107.00	67.2
620.66	620.73	620.70	28022	28628	107.00	97.7
622.18	622.25	622.22	28142	28760	136.00	73.3
623.58	623.65	623.62	28244	28874	151.00	76.1
626.10	626.17	626.13	28421	29071	171.00	143
628.16	628.23	628.20	28569	29235	173.00	88.7
629.73	629.80	629.77	28683	29362	121.00	100
631.26	631.33	631.30	28793	29485	133.00	106
633.74	633.81	633.77	28969	29679	184.00	161
636.25	636.32	636.29	29157	29888	256.00	309
638.28	638.35	638.32	29310	30059	211.00	124
642.23	642.30	642.27	29601	30383	167.00	174
643.73	643.80	643.77	29714	30506	278.00	285
645.73	645.80	645.77	29863	30673	283.00	179
647.23	647.30	647.27	29977	30800	125.00	108
648.73	648.80	648.77	30097	30933	161.00	143
650.73	650.80	650.77	30251	31103	229.00	137
652.23	652.35	652.29	30366	31233	116.00	84.6
653.69	653.76	653.72	30479	31358	158.00	131
656.13	656.20	656.17	30661	31560	131.00	109
658.16	658.23	658.19	30813	31728	191.00	112
660.62	660.72	660.67	31006	31942	244.00	136
663.21	663.28	663.24	31202	32152	233.00	134
665.73	665.80	665.77	31394	32343	216.00	140
667.23	667.32	667.28	31508	32458	70.20	43.9
668.71	668.82	668.77	31616	32564	99.00	65.3
670.83	670.90	670.87	31765	32699	50.30	23.3
672.33	672.40	672.37	31874	32797	131.00	76.6
673.83	673.90	673.87	31985	32897	114.00	91.1
676.24	676.31	676.28	32158	33052	131.00	108
678.28	678.35	678.32	32305	33185	122.00	100
680.28	680.35	680.32	32457	33321	199.00	105
682.80	682.87	682.84	32649	33494	188.00	98.4
686.83	686.90	686.87	32942	33758	79.00	44.1
687.80	687.87	687.84	33007	33818	116.00	73.1
691.83	691.90	691.87	33299	34080	94.70	56
692.83	692.90	692.87	33373	34147	168.00	94.8
695.33	695.40	695.37	33558	34313	143.00	82.5
697.83	697.90	697.87	33746	34481	138.00	77.1
700.80	700.87	700.84	33973	34687	158.00	76.3
702.32	702.39	702.36	34091	34792	146.00	104
703.82	703.89	703.86	34203	34893	98.10	41
705.83	705.90	705.87	34352	35028	91.00	36.4
707.28	707.40	707.34	34457	35120	54.10	34.7
708.78	708.85	708.82	34558	35213	121.00	66.8
711.25	711.32	711.28	34730	35368	95.70	45.9
713.77	713.84	713.81	34905	35526	76.50	25.8
716.37	716.44	716.41	35096	35696	81.70	34.1
718.41	718.48	718.45	35242	35829	200.00	104
720.91	721.01	720.96	35423	35992	112.00	52.3
723.48	723.55	723.52	35599	36151	156.00	70.4
724.98	725.05	725.02	35711	36250	85.40	45.8
726.48	726.55	726.52	35822	36351	169.00	65.7
728.38	728.45	728.42	35967	36481	107.00	37.9
729.88	729.95	729.92	36078	36581	103.00	57.9
731.43	731.50	731.47	36194	36685	78.30	43
733.93	734.00	733.97	36382	36855	98.70	41
736.43	736.50	736.47	36559	37032	99.60	48.1
738.93	739.00	738.97	36736	37208	70.10	25.6
740.93	741.00	740.97	36877	37349	96.20	41
743.93	744.00	743.97	37088	37560	71.60	37.4
745.96	746.03	746.00	37221	37694	67.20	24
748.53	748.60	748.57	37394	37873	53.40	16.7
750.10	750.20	750.15	37504	37995	66.30	32.3
752.78	752.85	752.82	37697	38210	59.10	25.7
754.80	754.90	754.85	37841	38369	65.70	27.2
757.18	757.25	757.22	38008	38555	94.00	43.1
759.75	759.85	759.80	38188	38756	51.90	23.7
762.18	762.25	762.22	38350	38936	81.80	29.3
764.80	764.90	764.85	38530	39135	55.80	20.3
767.27	767.34	767.31	38707	39333	92.10	53.1
769.95	770.05	770.00	38914	39562	129.00	57.9
772.46	772.53	772.50	39109	39779	50.90	30.6
774.35	774.45	774.40	39257	39943	110.00	59.5
777.28	777.35	777.32	39475	40186	85.20	47.2
779.83	779.93	779.88	39675	40407	112.00	53.4
781.32	781.39	781.36	39792	40536	110.00	56.3
783.39	783.46	783.43	39951	40715	91.30	34.4
784.99	785.09	785.04	40078	40856	125.00	63.9
786.46	786.53	786.50	40193	40982	144.00	61.7
788.45	788.52	788.49	40343	41149	71.80	38.4
790.02	790.12	790.07	40462	41282	93.00	30.3
791.45	791.52	791.49	40568	41400	74.80	33.8
793.41	793.48	793.45	40712	41559	77.60	29.2
794.98	795.08	795.03	40828	41689	126.00	39.7
797.43	797.50	797.47	41010	41892	117.00	56.1
800.02	800.12	800.07	41212	42115	104.00	45.3
801.45	801.55	801.50	41323	42239	80.70	45.9
803.48	803.55	803.52	41481	42414	59.60	30.7
805.06	805.16	805.11	41606	42552	104.00	45.3
806.48	806.55	806.52	41713	42662	86.10	56.1
808.45	808.55	808.50	41861	42810	53.20	31.3
810.00	810.10	810.05	41981	42929	81.10	22.7
811.41	811.48	811.45	42084	43034	31.20	14.1
813.40	813.50	813.45	42237	43186	126.00	50.8
815.00	815.12	815.06	42358	43306	44.30	18.6
816.43	816.50	816.47	42461	43409	76.50	37.4
818.43	818.50	818.47	42609	43557	76.00	30.3
819.81	819.91	819.86	42715	43663	90.50	49.6
821.47	821.54	821.51	42846	43795	68.10	35.6
823.48	823.55	823.52	43006	43955	85.50	34.5
824.95	825.05	825.00	43123	44072	97.20	49.8
826.48	826.55	826.52	43246	44195	138.00	81.7
828.48	828.55	828.52	43410	44359	86.50	36.7
831.45	831.55	831.50	43649	44598	36.00	14.6
833.48	833.55	833.52	43810	44758	90.20	48.9
835.05	835.15	835.10	43933	44881	81.20	34.7
836.48	836.55	836.52	44045	44993	58.40	23.3
838.94	839.06	839.00	44237	45184	68.80	31.2
840.06	840.16	840.11	44320	45268	68.70	26.1
843.49	843.56	843.53	44570	45517	153.00	59.3
845.06	845.16	845.11	44682	45630	36.90	16.2
848.49	848.56	848.53	44929	45878	28.20	10.4
850.99	851.06	851.03	45105	46054	63.30	16
853.49	853.56	853.53	45279	46226	41.90	17.6
855.99	856.06	856.03	45444	46392	35.70	17.9
858.53	858.60	858.57	45614	46562	53.40	27
860.94	861.01	860.98	45781	46729	50.90	22.9
863.43	863.50	863.47	45965	46914	70.00	27.7
865.93	866.00	865.97	46159	47107	64.90	39.6
868.43	868.50	868.47	46345	47293	67.40	36
870.93	871.00	870.97	46532	47480	65.80	32.7
873.43	873.50	873.47	46720	47668	83.80	37.4
875.93	876.00	875.97	46913	47865	76.50	37.3
878.43	878.50	878.47	47107	48080	131.00	59.7
880.93	881.00	880.97	47310	48305	104.00	56.5
883.38	883.46	883.42	47514	48531	102.00	48.2
885.93	886.00	885.97	47716	48757	123.00	64.9
888.43	888.50	888.47	47911	48974	101.00	44.4
890.93	891.00	890.97	48112	49196	105.00	49.8
893.43	893.50	893.47	48316	49423	74.00	29.5
895.92	896.00	895.96	48518	49647	95.30	45.1
897.43	897.50	897.47	48639	49782	59.60	54
901.02	901.09	901.06	48933	50109	148.00	87.9
902.46	902.54	902.50	49055	50244	144.00	62.3
904.03	904.10	904.06	49185	50389	142.00	93.9
907.54	907.60	907.57	49465	50700	80.70	50.6
910.03	910.10	910.07	49668	50924	53.70	23.3
912.53	912.60	912.57	49872	51152	54.70	28.4
917.53	917.60	917.57	50266	51589	42.30	23.2
922.53	922.60	922.57	50649	52014	71.40	35.3
927.53	927.60	927.57	51043	52452	77.30	50.3
932.56	932.63	932.60	51432	52883	71.00	37.3
937.46	937.55	937.50	51796	53289	52.40	28.1
942.48	942.55	942.52	52166	53700	57.00	22.6
944.98	945.05	945.02	52358	53913	49.00	14.9
947.53	947.60	947.57	52545	54121	56.00	24.7
952.58	952.65	952.62	52940	54561	72.10	25.2
957.58	957.65	957.62	53342	55006	50.50	21
960.05	960.15	960.10	53545	55231	20.00	10.1
962.58	962.65	962.62	53753	55464	68.30	23
965.10	965.17	965.13	53953	55685	68.40	37.1
967.60	967.67	967.64	54144	55899	67.10	32.8
972.63	972.70	972.67	54561	56361	87.10	27.6
975.09	975.20	975.15	54767	56591	80.90	43.3
977.63	977.70	977.67	54984	56831	201.00	135
980.13	980.20	980.17	55204	57075	56.50	31.2
982.68	982.75	982.72	55420	57317	69.50	39
985.18	985.25	985.22	55629	57530	54.30	32.4
987.68	987.75	987.72	55829	57731	101.00	48.9
990.20	990.27	990.24	56039	57940	34.30	16.9
995.23	995.30	995.27	56431	58333	59.90	36.3
997.73	997.80	997.77	56635	58536	60.90	39.2
1000.76	1000.85	1000.81	56887	58788	55.80	27.6
1002.78	1002.85	1002.82	57055	58940	71.30	39.6
1004.78	1004.85	1004.82	57209	59081	93.70	42.5
1006.78	1006.85	1006.82	57365	59220	65.80	36.1
1008.78	1008.85	1008.82	57519	59359	92.80	33.5
1011.78	1011.85	1011.82	57752	59568	119.00	40.5
1013.78	1013.85	1013.82	57901	59703	48.10	18.1
1016.78	1016.85	1016.82	58140	59917	112.00	40
1019.78	1019.85	1019.82	58376	60130	44.40	17.5
1021.78	1021.85	1021.82	58530	60268	55.10	22.8
1023.78	1023.85	1023.82	58687	60410	77.40	28.5
1026.78	1026.85	1026.82	58916	60617	59.20	28.6
1028.78	1028.85	1028.82	59076	60759	62.50	33.5
1030.78	1030.85	1030.82	59243	60910	105.00	57.6
1032.28	1032.35	1032.32	59368	61022	36.40	14.7
1033.77	1033.84	1033.81	59489	61131	84.30	49.6
1036.88	1036.95	1036.92	59750	61367	80.30	37
1038.88	1038.95	1038.92	59923	61522	108.00	34.7
1040.88	1040.95	1040.92	60098	61679	65.10	28.9
1042.40	1042.47	1042.44	60228	61796	82.40	38.8
1044.90	1044.98	1044.94	60447	61992	125.00	51.4
1046.95	1047.02	1046.99	60624	62153	93.30	45.6
1048.46	1048.55	1048.51	60763	62277	44.30	14.9
1049.98	1050.05	1050.02	60896	62397	89.90	42.5
1051.98	1052.05	1052.02	61077	62560	117.00	54.4
1053.98	1054.05	1054.02	61261	62726	118.00	65.8
1056.96	1057.05	1057.01	61529	62967	47.00	16.6
1058.98	1059.05	1059.02	61722	63141	84.50	49.1
1060.88	1060.97	1060.92	61907	63306	53.40	24.1
1061.93	1062.00	1061.97	62007	63397	99.50	41.9
1063.43	1063.50	1063.47	62149	63525	49.80	25.1
1065.93	1066.01	1065.97	62394	63746	170.00	106
1068.93	1069.00	1068.97	62685	64008	91.80	54.5
1070.93	1071.00	1070.97	62875	64178	145.00	87.3
1071.93	1072.00	1071.97	62973	64266	153.00	75.2
1073.90	1073.99	1073.95	63160	64435	95.50	53.6
1075.93	1076.00	1075.97	63352	64607	64.60	32.3
1078.93	1079.00	1078.97	63640	64866	81.10	47.2
1080.90	1080.97	1080.94	63833	65041	112.00	79.2
1081.93	1082.00	1081.97	63935	65132	107.00	65.5
1083.43	1083.50	1083.47	64091	65272	145.00	77.5
1084.93	1085.00	1084.97	64244	65411	222.00	157
1086.93	1087.00	1086.97	64447	65593	294.00	189
1088.93	1089.00	1088.97	64651	65776	163.00	95.2
1091.41	1091.50	1091.45	64908	66009	84.40	34.8
1093.93	1094.00	1093.97	65173	66247	229.00	159
1094.96	1095.03	1095.00	65286	66348	202.00	120
1096.93	1097.00	1096.97	65502	66542	79.20	50.4
1098.93	1099.00	1098.97	65715	66734	168.00	94.1
1101.43	1101.50	1101.47	65985	66978	149.00	85.1
1103.43	1103.50	1103.47	66199	67170	197.00	150
1106.43	1106.50	1106.47	66520	67466	186.00	105
1108.43	1108.50	1108.47	66731	67676	255.00	214
1111.93	1112.00	1111.97	67112	68057	172.00	120
1113.43	1113.50	1113.47	67275	68220	75.90	42.2
1116.43	1116.50	1116.47	67604	68549	174.00	126
1117.93	1118.00	1117.97	67775	68720	70.10	29.9
1120.43	1120.50	1120.47	68053	68998	154.00	114
1121.93	1122.00	1121.97	68212	69157	196.00	105
1123.93	1124.00	1123.97	68424	69369	92.80	59.6
1126.43	1126.50	1126.47	68685	69630	111.00	74.7
1131.44	1131.51	1131.48	69227	70172	108.00	77.8
1133.43	1133.50	1133.47	69444	70389	56.90	22.8
1135.43	1135.50	1135.47	69664	70609	106.00	55.1
1137.93	1138.00	1137.97	69935	70880	65.80	42.1
1140.43	1140.50	1140.47	70199	71144	46.70	21.3
1141.93	1142.00	1141.97	70358	71302	44.90	19.5
1143.93	1144.00	1143.97	70563	71508	39.50	18.3
1146.43	1146.50	1146.47	70814	71758	52.30	20.3
1148.43	1148.50	1148.47	70996	71941	33.30	15.2
1150.43	1150.50	1150.47	71180	72124	38.50	16.2
1151.93	1152.00	1151.96	71329	72273	50.40	18.3
1153.93	1154.00	1153.97	71524	72469	38.00	10.9
1155.43	1155.50	1155.46	71670	72615	48.20	17.1
1156.93	1157.00	1156.97	71815	72760	41.50	17.6
1158.93	1159.00	1158.97	72010	72955	32.80	11.8
1160.90	1161.00	1160.95	72210	73155	79.50	28.4
1162.96	1163.04	1163.00	72412	73357	78.10	28.6
1166.91	1167.00	1166.96	72836	73780	118.00	79.6
1168.92	1169.00	1168.96	73054	73997	77.50	33.8
1170.93	1171.00	1170.97	73259	74203	64.00	28.6
1173.93	1174.00	1173.96	73550	74496	33.00	9.41
1175.93	1176.00	1175.97	73750	74695	60.00	33.4
1177.88	1177.96	1177.92	73944	74888	61.10	23.9
1179.39	1179.49	1179.44	74086	75030	65.00	30.6
1181.43	1181.50	1181.47	74275	75220	72.90	26.6
1182.93	1183.00	1182.97	74418	75362	50.70	19.7
1184.43	1184.50	1184.47	74565	75509	50.40	18.1
1186.42	1186.49	1186.46	74754	75697	77.20	34.2
1187.89	1187.97	1187.93	74885	75829	62.80	21.3
1190.43	1190.50	1190.47	75109	76047	65.80	18.6
1191.93	1192.00	1191.97	75249	76172	66.90	26.1
1193.93	1194.00	1193.97	75439	76344	88.50	26
1195.90	1196.00	1195.95	75633	76519	65.70	18.6
1198.93	1199.00	1198.96	75933	76787	43.70	14
1201.93	1202.00	1201.97	76236	77060	52.20	25.2
1203.93	1204.00	1203.97	76449	77253	64.90	29.7
1205.43	1205.50	1205.47	76611	77396	67.10	37.7
1206.43	1206.50	1206.47	76710	77487	86.00	50.5
1207.93	1208.00	1207.97	76857	77618	116.00	62.2
1210.43	1210.50	1210.47	77102	77840	118.00	53.6
1211.93	1212.00	1211.97	77257	77979	108.00	57.7
1213.93	1214.00	1213.97	77460	78162	90.20	52.6
1215.91	1216.00	1215.96	77657	78340	67.60	25.8
1217.93	1218.00	1217.97	77855	78517	55.00	30.3
1221.43	1221.50	1221.47	78203	78830	100.00	46.4
1222.93	1223.00	1222.97	78359	78971	105.00	52.7
1224.43	1224.50	1224.47	78508	79105	77.70	27.2
1225.93	1226.00	1225.97	78656	79238	73.40	35.4
1227.91	1228.00	1227.95	78848	79411	58.90	19.5
1229.43	1229.50	1229.47	78997	79545	34.90	11.7
1231.45	1231.52	1231.49	79195	79723	80.30	32.2
1232.93	1233.00	1232.97	79337	79851	50.10	19.4
1233.93	1234.01	1233.97	79432	79936	68.40	34.9
1235.89	1235.96	1235.93	79615	80100	63.10	39.4
1237.93	1238.00	1237.97	79804	80272	40.00	23.1
1240.43	1240.50	1240.47	80036	80457	65.00	29.5
1241.93	1242.00	1241.97	80173	80569	60.00	31
1243.93	1244.00	1243.97	80361	80718	47.80	23.1
1245.43	1245.50	1245.47	80500	80829	52.30	24.1
1247.92	1248.00	1247.96	80727	81010	52.50	22
1249.43	1249.50	1249.47	80859	81116	37.90	13.1
1251.45	1251.52	1251.49	81034	81257	53.80	16.5
1252.92	1252.99	1252.96	81161	81357	33.80	13.7
1253.91	1254.00	1253.96	81248	81427	51.80	15.7
1255.43	1255.50	1255.47	81380	81533	50.10	15.6
1256.93	1257.00	1256.97	81511	81639	55.00	20.5
1258.93	1259.00	1258.97	81690	81782	34.80	14.6
1260.43	1260.50	1260.47	81824	81889	59.20	21.9
1262.91	1262.98	1262.95	82062	82079	48.40	17.6
1264.43	1264.50	1264.47	82218	82202	63.20	22.4
1266.43	1266.50	1266.47	82421	82366	66.20	22.6
1267.93	1268.00	1267.97	82567	82484	86.70	34.2
1268.93	1269.00	1268.97	82668	82564	47.50	17.6
1271.43	1271.50	1271.47	82911	82759	47.40	14.3
1273.93	1274.00	1273.97	83151	82950	75.90	29.3
1275.93	1276.00	1275.97	83340	83101	86.70	24.8
1277.93	1278.00	1277.97	83519	83245	44.30	14
1279.43	1279.50	1279.47	83662	83358	46.50	13.9
1281.43	1281.50	1281.47	83845	83504	36.90	12.4
1283.43	1283.50	1283.47	84028	83651	25.00	10.1
1285.43	1285.50	1285.47	84211	83797	42.10	12.5
1286.93	1287.00	1286.97	84351	83910	61.70	18.1
1288.93	1289.00	1288.97	84539	84059	60.80	24.4
1290.93	1291.00	1290.97	84713	84187	33.90	14.9
1292.93	1293.00	1292.97	84891	84311	32.80	12.8
1295.43	1295.50	1295.47	85123	84474	46.30	13.6
1297.94	1298.01	1297.97	85361	84640	48.30	18.2
1299.43	1299.50	1299.46	85494	84734	26.40	8.63
1300.92	1301.00	1300.96	85636	84832	32.10	15.5
1302.39	1302.50	1302.45	85780	84933	75.50	29
1303.95	1304.03	1303.99	85932	85040	23.00	8.26
1305.92	1306.00	1305.96	86126	85175	48.90	14
1307.43	1307.50	1307.47	86280	85283	76.70	29.4
1310.92	1311.00	1310.96	86636	85532	18.60	4.96
1312.43	1312.50	1312.47	86792	85642	85.00	28
1313.92	1314.00	1313.96	86951	85753	55.00	19.1
1315.92	1316.00	1315.96	87170	85905	37.60	12.1
1318.42	1318.50	1318.46	87436	86092	34.70	11.2
1320.92	1321.00	1320.96	87707	86282	44.00	15.6
1323.42	1323.50	1323.46	87984	86477	39.50	15.6
1325.94	1326.02	1325.98	88263	86671	44.50	21
1327.43	1327.50	1327.47	88433	86791	52.90	27.3
1328.92	1329.00	1328.96	88604	86910	36.40	12.1
1330.92	1331.00	1330.96	88834	87072	27.70	8.65
1332.43	1332.50	1332.47	89012	87195	42.40	18.6
1333.92	1334.00	1333.96	89182	87314	13.70	5.72
1337.41	1337.48	1337.45	89577	87613	64.30	30.1
1338.39	1338.47	1338.43	89695	87708	15.20	5.26
1340.93	1341.01	1340.97	90016	87964	68.80	36.5
1343.42	1343.50	1343.46	90329	88214	23.20	13.8
1345.94	1346.02	1345.98	90642	88464	56.50	25.1
1347.43	1347.50	1347.47	90821	88608	68.80	30.6
1348.92	1349.00	1348.96	90993	88745	32.90	8.56
1350.92	1351.00	1350.96	91228	88933	41.70	16.1
1352.43	1352.50	1352.47	91414	89082	45.70	18.3
1353.92	1354.00	1353.96	91593	89225	47.90	22.2
1356.42	1356.50	1356.46	91894	89466	24.20	7.51
1358.42	1358.50	1358.46	92133	89657	21.60	4.35
1359.93	1360.00	1359.97	92313	89801	62.60	27.7
1362.43	1362.50	1362.47	92618	90044	47.00	18.8
1364.93	1365.00	1364.97	92910	90278	74.20	35.1
1366.42	1366.50	1366.46	93090	90422	32.90	19.6
1368.92	1369.00	1368.96	93392	90663	18.90	6.08
1371.41	1371.49	1371.45	93683	90897	37.60	10.3
1373.92	1374.00	1373.96	93983	91136	47.00	8.85
1375.92	1376.00	1375.96	94217	91321	48.60	16.4
1377.41	1377.48	1377.45	94342	91424	64.70	20.9
1378.92	1379.00	1378.96	94467	91524	49.00	21.2
1380.92	1381.00	1380.96	94643	91664	42.20	18
1383.42	1383.50	1383.46	94858	91837	44.00	15.1
1385.92	1386.00	1385.96	95065	92002	117.00	43.3
1388.42	1388.50	1388.46	95270	92167	23.50	6.51
1390.92	1391.00	1390.96	95487	92340	31.70	12.4
1393.42	1393.50	1393.46	95701	92511	40.00	11.6
1395.90	1396.00	1395.95	95911	92678	60.80	19.8
1398.42	1398.50	1398.46	96118	92845	12.40	5.66
1399.93	1400.00	1399.97	96243	92945	51.40	16.8
1402.43	1402.50	1402.47	96456	93114	44.60	13.1
1404.93	1405.00	1404.97	96668	93314	60.60	29.6
1407.43	1407.50	1407.47	96894	93538	48.10	21.9
1408.92	1409.00	1408.96	97018	93663	27.10	10.1
1412.43	1412.50	1412.47	97303	93949	30.70	12.6
1414.93	1415.00	1414.97	97510	94156	65.70	23.7
1417.43	1417.50	1417.47	97720	94366	78.90	26.8
1418.92	1419.00	1418.96	97842	94489	39.90	15.9
1420.00	1420.10	1420.05	97938	94583	27.80	11.1
1422.43	1422.50	1422.47	98147	94794	55.60	19.8
1423.92	1424.00	1423.96	98275	94920	38.20	16.2
1427.43	1427.50	1427.47	98571	95216	84.60	27.8
1428.42	1428.50	1428.46	98651	95296	33.80	14.9
1430.92	1431.00	1430.96	98864	95509	42.10	17.4
1433.42	1433.50	1433.46	99078	95724	61.00	25.8
1434.93	1435.00	1434.97	99209	95854	57.20	16
1437.43	1437.50	1437.47	99421	96067	35.50	18.5
1440.00	1440.10	1440.05	99637	96283	28.70	10.3
1441.43	1441.51	1441.47	99755	96400	40.60	16.8
1444.93	1445.00	1444.97	100044	96690	32.00	12.4
1445.92	1446.00	1445.96	100128	96772	65.10	22.6
1448.39	1448.47	1448.43	100324	96969	33.30	16.8
1450.92	1451.00	1450.96	100523	97169	31.60	10.4
1452.43	1452.50	1452.47	100644	97289	70.00	34.3
1454.89	1455.00	1454.95	100840	97485	20.50	4.16
1456.42	1456.50	1456.46	100965	97609	57.30	24.7
1458.92	1459.00	1458.96	101168	97814	48.90	23.8
1460.00	1460.11	1460.06	101259	97904	43.90	21.7
1463.42	1463.50	1463.46	101529	98174	37.90	14.4
1465.92	1466.00	1465.96	101732	98377	53.50	20.8
1468.43	1468.51	1468.47	101943	98588	63.30	29.9
1470.92	1471.00	1470.96	102147	98792	69.20	32.5
1473.42	1473.50	1473.46	102350	98996	54.10	22.2
1475.92	1476.00	1475.96	102552	99197	44.30	16.7
1477.43	1477.50	1477.47	102674	99319	33.30	14.6
1478.92	1479.00	1478.96	102795	99440	75.80	32.8
1480.00	1480.10	1480.05	102885	99530	52.90	27.9
1482.43	1482.50	1482.47	103082	99727	59.50	24.2
1483.92	1484.00	1483.96	103203	99848	67.70	24
1485.92	1486.00	1485.96	103366	100011	28.50	6.71
1487.42	1487.49	1487.46	103484	100129	84.60	32
1489.93	1490.00	1489.97	103681	100326	32.80	10.3
1492.43	1492.50	1492.47	103874	100521	89.10	29.5
1494.93	1495.00	1494.97	104083	100727	61.10	21.9
1497.41	1497.49	1497.45	104281	100925	50.70	20.7
1500.00	1500.10	1500.05	104493	101138	34.90	13.4
1502.43	1502.50	1502.47	104702	101346	66.20	24.6
1503.92	1504.00	1503.96	104828	101473	35.90	16.3
1506.42	1506.50	1506.46	105043	101688	56.50	30
1507.43	1507.50	1507.47	105132	101777	53.70	22.3
1508.92	1509.00	1508.96	105265	101910	45.80	22.2
1510.92	1511.00	1510.96	105452	102096	47.10	28.5
1513.42	1513.50	1513.46	105699	102343	59.40	37.4
1515.92	1516.00	1515.96	105939	102583	29.30	16.5
1518.42	1518.50	1518.46	106173	102818	57.40	30.3
1520.00	1520.10	1520.05	106342	102987	59.40	23.7
1520.92	1521.00	1520.96	106444	103088	43.50	26.9
1523.40	1523.48	1523.44	106709	103373	41.50	22.5
1525.94	1526.02	1525.98	106985	103679	46.80	11.3
1528.42	1528.50	1528.46	107248	103972	50.10	20
1530.92	1531.00	1530.96	107512	104264	17.60	4.67
1533.40	1533.48	1533.44	107780	104562	30.60	14.9
1535.92	1536.00	1535.96	108048	104859	27.30	10.7
1538.42	1538.50	1538.46	108316	105157	27.80	11.3
1540.00	1540.10	1540.05	108486	105348	36.20	21.7
1540.92	1541.00	1540.96	108587	105458	29.10	11.4
1543.42	1543.50	1543.46	108848	105748	64.50	27
1545.92	1546.00	1545.96	109114	106043	34.90	12.6
1548.42	1548.50	1548.46	109385	106346	33.10	13.8
1550.92	1551.00	1550.96	109671	106661	18.70	8.23
1553.42	1553.50	1553.46	109958	106980	21.70	9.87
1555.92	1556.00	1555.96	110252	107309	25.90	9.49
1558.39	1558.47	1558.43	110559	107649	35.00	12.4
1560.00	1560.10	1560.05	110754	107866	34.20	14.5
1560.92	1561.00	1560.96	110864	107985	34.70	13.7
1563.42	1563.50	1563.46	111194	108316	26.20	15
1565.92	1566.00	1565.96	111534	108656	22.20	12
1568.42	1568.50	1568.46	111881	109002	20.00	10.7
1570.92	1571.00	1570.96	112222	109343	20.50	10.2
1573.42	1573.50	1573.46	112572	109696	34.20	21.9
1575.92	1576.00	1575.96	112918	110045	33.70	7.81
1578.42	1578.50	1578.46	113243	110373	23.50	11.5
1580.00	1580.10	1580.05	113456	110588	22.50	11.4
1580.92	1581.00	1580.96	113582	110714	19.80	9.6
1583.92	1584.00	1583.96	113978	111115	23.00	9.13
1585.94	1586.00	1585.97	114248	111387	22.90	6.3
1587.43	1587.50	1587.47	114450	111590	40.20	14.2
1589.93	1590.00	1589.97	114787	111931	55.20	20.5
1590.92	1591.00	1590.96	114922	112066	33.30	8.06
1593.42	1593.50	1593.46	115262	112410	34.10	12.6
1595.92	1596.00	1595.96	115596	112747	50.70	22.6
1598.42	1598.50	1598.46	115930	113084	33.20	11.2
1600.00	1600.10	1600.05	116143	113299	12.40	4.51
1600.93	1601.00	1600.96	116265	113422	29.70	10.9
1603.42	1603.50	1603.46	116607	113768	47.60	16.1
1605.95	1606.03	1605.99	116935	114098	25.00	7.76
1608.42	1608.50	1608.46	117254	114420	25.30	5.42
1610.92	1611.00	1610.96	117563	114732	27.90	7.73
1613.42	1613.50	1613.46	117861	115032	19.70	4.54
1615.92	1616.00	1615.96	118172	115347	44.10	10.1
1618.42	1618.50	1618.46	118476	115653	21.30	6.88
1620.00	1620.10	1620.05	118660	115840	8.90	3.78
1620.92	1621.00	1620.96	118767	115947	26.70	8.4
1623.42	1623.50	1623.46	119048	116230	39.40	13.3
1625.92	1626.00	1625.96	119337	116522	31.30	8.67
1628.42	1628.50	1628.46	119616	116803	36.10	9.45
1630.92	1631.00	1630.96	119908	117098	29.40	7.53
1633.42	1633.50	1633.46	120180	117374	32.20	11.1
1635.92	1636.00	1635.96	120450	117645	24.70	5.96
1638.42	1638.50	1638.46	120720	117917	21.50	5.35
1639.99	1640.09	1640.04	120886	118085	12.80	4.19
1640.92	1641.00	1640.96	120981	118181	30.90	7.66
1643.42	1643.50	1643.46	121238	118441	74.50	29.6
1645.92	1646.00	1645.96	121500	118705	31.90	10.3
1648.42	1648.50	1648.46	121760	118968	35.70	13.1
1650.92	1651.00	1650.96	122008	119218	18.60	8.49
1653.42	1653.50	1653.46	122247	119458	35.00	12.6
1655.92	1656.00	1655.96	122500	119714	29.00	7.91
1658.42	1658.50	1658.46	122745	119961	36.50	14.5
1660.00	1660.10	1660.05	122903	120121	15.10	4.38
1660.92	1661.00	1660.96	122990	120209	46.50	14.4
1663.42	1663.50	1663.46	123227	120447	60.20	23.1
1665.92	1666.00	1665.96	123463	120686	77.60	23
1668.42	1668.50	1668.46	123697	120922	42.40	14.3
1670.92	1671.00	1670.96	123931	121158	57.00	20.1
1673.42	1673.50	1673.46	124155	121385	24.70	6.51
1675.92	1676.00	1675.96	124382	121613	30.20	11.1
1678.45	1678.53	1678.49	124606	121840	60.00	20.7
1680.00	1680.10	1680.05	124745	121978	15.30	7.19
1680.92	1681.00	1680.96	124825	122059	73.50	24.3
1683.42	1683.50	1683.46	125039	122277	28.20	14.1
1685.92	1686.00	1685.96	125264	122502	30.60	10.5
1688.42	1688.50	1688.46	125476	122718	44.90	16.2
1690.92	1691.00	1690.96	125698	122941	44.50	15
1693.40	1693.50	1693.45	125911	123157	24.60	10.3
1695.92	1696.00	1695.96	126133	123380	28.40	7.75
1698.42	1698.50	1698.46	126361	123611	28.10	10.9
1700.00	1700.10	1700.05	126492	123742	15.10	5.33
1700.92	1701.00	1700.96	126564	123814	30.30	10.3
1703.43	1703.50	1703.47	126757	124010	33.00	9.15
1705.89	1705.97	1705.93	126955	124209	44.70	14.6
1708.42	1708.50	1708.46	127148	124404	30.90	8.82
1710.92	1711.00	1710.96	127342	124601	30.90	7.95
1713.42	1713.50	1713.46	127541	124801	33.00	8.89
1715.92	1716.00	1715.96	127733	124995	25.50	9.24
1718.42	1718.50	1718.46	127923	125187	40.80	15.7
1720.00	1720.10	1720.05	128048	125313	19.30	9.16
1720.92	1721.00	1720.96	128120	125384	64.90	20.2
1723.42	1723.50	1723.46	128311	125578	24.20	5.75
1725.92	1726.00	1725.96	128506	125775	80.40	20.3
1728.42	1728.50	1728.46	128705	125974	31.20	12.9
1730.93	1731.01	1730.97	128900	126172	31.60	12.6
1733.42	1733.50	1733.46	129094	126370	17.10	9.69
1735.92	1736.00	1735.96	129296	126572	31.80	9.68
1738.42	1738.50	1738.46	129487	126762	75.30	21.9
1740.00	1740.10	1740.05	129602	126878	7.63	3
1740.94	1741.02	1740.98	129669	126945	32.50	8.39
1743.46	1743.54	1743.50	129855	127129	22.30	6.9
1745.92	1746.00	1745.96	130018	127294	43.70	9.2
1747.43	1747.50	1747.47	130122	127397	55.70	15.1
1749.91	1750.00	1749.96	130287	127562	83.10	22.2
1750.92	1751.00	1750.96	130354	127629	26.70	8.05
1753.42	1753.50	1753.46	130522	127797	35.50	10.2
1755.92	1756.00	1755.96	130688	127963	41.50	11
1758.42	1758.50	1758.46	130857	128131	28.80	9.84
1760.00	1760.12	1760.06	130961	128237	3.56	0.86
1760.92	1761.00	1760.96	131020	128296	44.80	10.9
1763.42	1763.50	1763.46	131188	128464	25.30	7.59
1765.92	1766.00	1765.96	131355	128668	26.80	7.13
1768.39	1768.47	1768.43	131521	128875	27.70	5.31
1770.92	1771.00	1770.96	131694	129092	16.70	4.88
1773.42	1773.50	1773.46	131865	129305	25.70	6
1775.92	1776.00	1775.96	132037	129520	24.50	8.68
1778.38	1778.46	1778.42	132213	129738	42.20	9.99
1779.99	1780.09	1780.04	132331	129887	5.19	1.21
1782.41	1782.50	1782.46	132514	130117	56.70	15.5
1783.92	1784.00	1783.96	132633	130264	49.50	12.1
1785.92	1786.00	1785.96	132791	130461	33.90	9.98
1787.43	1787.50	1787.47	132915	130616	26.40	8.52
1790.92	1791.00	1790.96	133214	130991	11.30	3.43
1793.42	1793.50	1793.46	133440	131272	16.20	4.66
1795.92	1796.00	1795.96	133687	131581	10.70	3.15
1797.33	1797.40	1797.36	133821	131749	44.80	11.9
1799.90	1800.00	1799.95	134092	132086	8.29	2.41
1802.38	1802.46	1802.42	134353	132414	52.50	17.8
1803.92	1804.00	1803.96	134520	132622	30.10	9.85
1806.42	1806.50	1806.46	134801	132974	20.20	4.22
1807.92	1808.00	1807.96	134976	133192	54.60	14.7
1809.93	1810.00	1809.97	135214	133491	43.90	20.2
1811.92	1812.00	1811.96	135449	133785	92.80	15.8
1814.42	1814.50	1814.46	135775	134192	80.80	22.5
1816.42	1816.50	1816.46	136057	134544	50.30	10.8
1817.92	1818.00	1817.96	136272	134814	53.70	16
1819.93	1820.00	1819.97	136567	135182	48.50	22.7
1821.92	1822.00	1821.96	136873	135563	77.30	24.8
1823.92	1824.00	1823.96	137183	135951	164.00	74
1826.46	1826.54	1826.50	137581	136447	46.80	14.4
1827.92	1828.00	1827.96	137823	136750	76.40	25.5
1829.42	1829.50	1829.46	138065	137053	50.50	25.1
1831.42	1831.50	1831.46	138391	137460	91.80	48.2
1832.92	1833.00	1832.96	138639	137771	63.00	23.8
1836.42	1836.50	1836.46	139217	138493	70.60	29.4
1837.92	1838.00	1837.96	139477	138817	140.00	87.7
1839.93	1840.00	1839.97	139824	139251	44.90	21.8
1841.92	1842.00	1841.96	140170	139683	104.00	61.7
1842.92	1843.00	1842.96	140344	139901	88.70	34.1
1844.93	1845.00	1844.97	140697	140343	45.50	17.2
1846.92	1847.00	1846.96	141032	140762	138.00	94.6
1848.92	1849.00	1848.96	141380	141197	187.00	140
1851.92	1852.00	1851.96	141916	141866	181.00	125
1854.93	1855.00	1854.97	142454	142538	41.60	27.3
1857.43	1857.50	1857.47	142894	143088	52.20	27.1
1859.93	1860.00	1859.97	143332	143634	42.00	26.2
1864.42	1864.50	1864.46	144096	144591	116.00	58
1866.92	1867.00	1866.96	144517	145117	137.00	118
1868.92	1869.00	1868.96	144858	145541	119.00	68.9
1870.93	1871.00	1870.97	145188	145955	207.00	136
1872.92	1873.00	1872.96	145537	146391	99.90	55.3
1874.93	1875.00	1874.97	145883	146824	86.50	48.2
1876.92	1877.00	1876.96	146220	147246	96.10	55.5
1878.92	1879.00	1878.96	146568	147668	204.00	100
1880.94	1881.00	1880.97	146928	148068	217.00	155
1882.92	1883.00	1882.96	147288	148468	113.00	64.6
1884.91	1885.00	1884.96	147638	148857	69.50	39.1
1886.92	1887.00	1886.96	147990	149247	103.00	47.8
1888.91	1889.00	1888.96	148320	149616	110.00	55.3
1891.92	1892.00	1891.96	148841	150192	70.20	33.2
1893.92	1894.00	1893.96	149183	150572	121.00	28.8
1895.94	1896.00	1895.97	149516	150944	202.00	163
1897.92	1898.00	1897.96	149854	151319	168.00	95.8
1899.93	1900.00	1899.97	150192	151694	69.50	36.9
1901.92	1902.00	1901.96	150593	152140	176.00	91.4
1903.92	1904.00	1903.96	151042	152610	191.00	75.7
1906.42	1906.50	1906.46	151597	153165	196.00	95.8
1908.44	1908.50	1908.47	152061	153629	294.00	247
1910.42	1910.50	1910.46	152532	154103	235.00	191
1912.43	1912.50	1912.47	153010	154513	154.00	130
1914.93	1915.00	1914.97	153632	155011	271.00	137
1916.42	1916.50	1916.46	153988	155296	181.00	129
1918.44	1918.50	1918.47	154475	155686	246.00	184
1920.42	1920.50	1920.46	154996	156102	121.00	44.9
1922.43	1922.50	1922.47	155537	156535	101.00	88.2
1924.42	1924.50	1924.46	156064	156956	167.00	104
1926.42	1926.50	1926.46	156603	157387	162.00	121
1928.44	1928.50	1928.47	157133	157811	239.00	192
1930.42	1930.50	1930.46	157649	158258	109.00	63.2
1932.42	1932.50	1932.46	158165	158802	132.00	82.4
1934.42	1934.50	1934.46	158696	159392	94.80	56.2
1936.42	1936.50	1936.46	159212	159965	54.30	17
1938.44	1938.50	1938.47	159670	160476	83.10	37
1940.42	1940.50	1940.46	160132	160989	44.50	26.4
1942.43	1942.50	1942.47	160611	161519	54.70	32.6
1944.93	1945.00	1944.97	161203	162177	99.40	40.6
1946.42	1946.50	1946.46	161572	162588	117.00	70.3
1948.92	1949.00	1948.96	162207	163293	174.00	112
1950.92	1950.98	1950.95	162695	163784	185.00	161
1953.44	1953.52	1953.48	163244	164333	172.00	136
1955.94	1956.00	1955.97	163805	164894	114.00	68.7
1958.44	1958.50	1958.47	164393	165483	113.00	76.9
1960.94	1961.00	1960.97	164932	166021	125.00	85.5
1963.44	1963.50	1963.47	165485	166574	209.00	147
1965.93	1966.00	1965.97	166037	167125	162.00	98.9
1968.44	1968.50	1968.47	166571	167660	126.00	89
1970.94	1971.00	1970.97	167117	168206	147.00	98.9
1973.44	1973.50	1973.47	167673	168761	91.30	62.3
1974.93	1975.00	1974.97	168000	169088	54.90	19.2
1978.43	1978.50	1978.47	168713	169832	61.50	34.6
1979.93	1980.00	1979.97	169010	170162	42.30	16.2
1981.92	1982.00	1981.96	169406	170603	48.00	19.7
1983.44	1983.50	1983.47	169717	170947	115.00	69.8
1984.93	1985.00	1984.97	170021	171285	50.00	23.9
1985.94	1986.00	1985.97	170227	171514	88.70	56
1987.92	1988.00	1987.96	170647	171982	88.70	54.6
1991.42	1991.50	1991.46	171411	172829	85.00	51.2
1993.44	1993.50	1993.47	171856	173324	128.00	82.2
1995.42	1995.50	1995.46	172303	173820	67.70	30.7
1997.43	1997.50	1997.47	172711	174274	60.50	28.2
1999.42	1999.50	1999.46	173109	174716	53.30	25.1
2000.94	2001.00	2000.97	173398	175037	126.00	95
2003.44	2003.50	2003.47	173889	175581	132.00	86.3
2005.94	2006.00	2005.97	174396	176145	172.00	113
2008.47	2008.52	2008.50	174927	176735	162.00	106
2009.92	2010.00	2009.96	175255	177100	193.00	88.8
2012.43	2012.50	2012.47	175803	177709	166.00	105
2014.92	2015.00	2014.96	176293	178253	68.00	33.5
2017.42	2017.50	2017.46	176920	178950	47.60	15.2
2019.92	2020.00	2019.96	177570	179597	66.00	29.6
2022.42	2022.50	2022.46	178185	180091	45.50	19.1
2024.93	2025.01	2024.97	178787	180573	39.70	13.9
2026.92	2027.00	2026.96	179268	180957	15.70	8.15
2028.92	2029.00	2028.96	179734	181330	81.30	32.5
2030.94	2031.00	2030.97	180213	181713	131.00	96.2
2033.44	2033.50	2033.47	180885	182252	152.00	119
2035.92	2036.00	2035.96	181615	182835	225.00	167
2038.44	2038.50	2038.47	182338	183413	141.00	101
2039.89	2040.00	2039.95	182760	183750	254.00	163
2042.42	2042.50	2042.46	183488	184333	105.00	53.8
2044.92	2045.00	2044.96	184237	184931	92.50	49
2047.41	2047.49	2047.45	184982	185558	100.00	69.8
2049.92	2050.00	2049.96	185729	186231	53.50	18.9
2052.42	2052.50	2052.46	186476	186903	50.50	20.6
2054.92	2055.00	2054.96	187095	187461	31.60	8.14
2056.92	2057.00	2056.96	187565	187884	27.50	19.3
2058.92	2059.00	2058.96	188028	188301	50.60	17.8
2060.94	2061.00	2060.97	188495	188721	52.40	26.2
2062.92	2063.00	2062.96	188936	189117	38.40	17.1
2064.92	2065.00	2064.96	189369	189507	33.50	10.2
2066.92	2067.00	2066.96	189780	189911	32.30	9.97
2068.92	2069.00	2068.96	190196	190326	12.30	5.28
2070.94	2071.00	2070.97	190638	190768	62.80	22.1
2072.92	2073.00	2072.96	191071	191202	43.00	16
2074.92	2075.00	2074.96	191491	191657	32.60	10.6
2076.92	2077.00	2076.96	191919	192193	58.50	34.9
2078.92	2079.00	2078.96	192384	192771	56.90	39
2080.94	2081.00	2080.97	192846	193349	101.00	48.9
2082.92	2083.00	2082.96	193286	193903	38.50	17.5
2084.42	2084.50	2084.46	193591	194339	57.20	17.4
2086.42	2086.50	2086.46	194003	194928	52.50	20.8
2088.44	2088.50	2088.47	194417	195519	49.70	22.1
2090.42	2090.50	2090.46	194854	196143	74.60	34.7
2092.42	2092.50	2092.46	195279	196750	43.00	22.1
2093.92	2094.00	2093.96	195592	197197	134.00	70.6
2095.94	2096.00	2095.97	196000	197780	98.80	44.9
2097.92	2098.00	2097.96	196396	198346	33.60	14.3
2099.92	2100.00	2099.96	196764	198803	71.90	23.5
2101.92	2102.00	2101.96	197131	199160	44.80	19.6
2103.92	2104.00	2103.96	197517	199467	42.00	12.4
2105.94	2106.00	2105.97	197934	199802	69.00	31.3
2107.92	2108.00	2107.96	198334	200122	34.20	19.3
2111.42	2111.50	2111.46	199039	200686	35.70	13.9
2113.44	2113.50	2113.47	199436	201004	55.20	25.2
2114.91	2114.98	2114.94	199722	201232	73.70	24.6
2116.92	2117.00	2116.96	200114	201546	37.50	15.7
2118.92	2119.00	2118.96	200501	201856	24.30	9.87
2120.94	2121.00	2120.97	200882	202160	29.30	12.8
2122.92	2123.00	2122.96	201272	202472	38.40	18.3
2124.42	2124.50	2124.46	201586	202723	19.20	6.03
2126.42	2126.50	2126.46	202022	203071	13.80	5.49
2128.44	2128.50	2128.47	202469	203429	27.00	10.9
2130.42	2130.50	2130.46	202904	203778	28.50	14.1
2131.92	2132.00	2131.96	203252	204054	26.70	11.1
2133.92	2134.00	2133.96	203719	204429	30.90	9.16
2135.94	2136.00	2135.97	204233	204841	48.00	17.8
2137.92	2138.00	2137.96	204756	205259	32.80	14.7
2139.92	2140.00	2139.96	205286	205683	38.30	11.4
2141.92	2142.00	2141.96	205814	206105	19.30	6.44
2143.92	2144.00	2143.96	206321	206510	32.50	9.66
2145.94	2146.00	2145.97	206830	206917	16.10	5.05
2147.92	2148.00	2147.96	207314	207305	20.50	8.96
2148.92	2149.00	2148.96	207553	207496	21.60	8
2150.94	2151.00	2150.97	208055	207897	25.60	9.95
2152.92	2153.00	2152.96	208545	208290	16.90	7.93
2154.42	2154.50	2154.46	208912	208583	27.30	10.4
2156.42	2156.50	2156.46	209425	208994	8.36	2.6
2158.44	2158.50	2158.47	209988	209444	19.10	7.52
2160.42	2160.50	2160.46	210555	209898	28.60	9.31
2162.42	2162.50	2162.46	211106	210339	69.00	17.6
2164.42	2164.50	2164.46	211621	210751	28.70	9.22
2165.94	2166.00	2165.97	212010	211062	33.20	12.1
2169.42	2169.50	2169.46	212885	211763	37.10	16.3
2171.42	2171.50	2171.46	213383	212161	39.80	13.6
2173.44	2173.50	2173.47	213872	212551	28.40	12.2
2175.42	2175.50	2175.46	214368	212947	32.20	14
2177.42	2177.50	2177.46	214863	213343	48.80	15.5
2179.42	2179.50	2179.46	215350	213733	36.30	11.1
2181.42	2181.50	2181.46	215857	214139	46.70	16.1
2183.44	2183.50	2183.47	216364	214545	83.10	35.8
2185.41	2185.49	2185.45	216865	214945	70.00	23.9
2187.42	2187.50	2187.46	217358	215339	41.40	19.5
2189.42	2189.50	2189.46	217817	215707	46.70	18
2191.42	2191.50	2191.46	218296	216089	24.70	9.56
2193.44	2193.50	2193.47	218787	216526	23.70	8.52
2195.42	2195.50	2195.46	219292	217032	34.80	12.5
2197.42	2197.50	2197.46	219830	217570	44.40	14.3
2199.42	2199.50	2199.46	220391	218130	26.30	7.49
2201.42	2201.50	2201.46	220993	218732	40.10	11.6
2203.44	2203.50	2203.47	221541	219282	53.30	17.1
2205.42	2205.50	2205.46	222052	219826	52.20	24.3
2207.42	2207.50	2207.46	222594	220506	46.90	20.5
2210.94	2211.00	2210.97	223615	221782	86.20	56.2
2212.92	2213.00	2212.96	224234	222557	119.00	69.7
2214.92	2215.00	2214.96	224884	223368	66.00	36.5
2216.42	2216.50	2216.46	225383	223993	103.00	44.2
2218.44	2218.50	2218.47	226072	224854	31.80	7.6
2220.42	2220.50	2220.46	226769	225726	61.00	25.2
2222.42	2222.50	2222.46	227481	226617	47.00	20.1
2223.96	2224.04	2224.00	227974	227145	18.20	8.52
2225.94	2226.00	2225.97	228606	227677	22.20	7.73
2227.92	2228.00	2227.96	229212	228162	47.30	11.5
2230.00	2230.10	2230.05	229910	228721	41.30	15.9
2232.42	2232.50	2232.46	230784	229459	55.10	22.1
2235.00	2235.10	2235.05	231652	230796	15.70	6.87
2236.92	2237.00	2236.96	232240	231778	21.90	9
2238.44	2238.50	2238.47	232734	232722	39.00	20.2
2240.42	2240.50	2240.46	233379	233495	34.20	11.8
2242.92	2243.00	2242.96	234179	234297	77.30	20.5
2244.92	2245.00	2244.96	234801	234914	57.90	23.5
2246.92	2247.00	2246.96	235412	235523	32.20	11.7
2248.92	2249.00	2248.96	236003	236110	49.90	18.8
2250.94	2251.00	2250.97	236567	236671	17.40	9.3
2253.82	2253.90	2253.86	237333	237433	102.00	39.1
2255.84	2255.90	2255.87	237844	237941	9.42	2.61
2257.82	2257.90	2257.86	238343	238436	65.10	39.6
2259.82	2259.90	2259.86	238839	238929	36.30	14.2
2261.77	2261.85	2261.81	239293	239382	26.10	9
2263.82	2263.89	2263.86	239773	239860	38.10	9.74
2265.17	2265.23	2265.20	240098	240182	35.80	22.2
2267.17	2267.23	2267.20	240568	240651	48.30	28.9
2269.67	2269.73	2269.70	241198	241276	12.90	4.16
2272.16	2272.22	2272.19	241789	241863	39.60	14.5
2274.66	2274.71	2274.68	242349	242461	48.90	18
2276.14	2276.22	2276.18	242661	242808	13.80	6.16
2277.64	2277.72	2277.68	242958	243138	23.00	5.81
2279.65	2279.71	2279.68	243349	243573	13.90	5.45
2281.13	2281.21	2281.17	243645	243903	13.30	3.77
2283.64	2283.72	2283.68	244195	244514	15.50	4.68
2285.20	2285.26	2285.23	244556	244915	36.30	15.7
2287.16	2287.22	2287.19	245071	245485	102.00	24.4
2288.65	2288.73	2288.69	245479	245941	26.90	8.46
2290.17	2290.23	2290.20	245918	246428	27.60	15.9
2292.13	2292.19	2292.16	246532	247110	55.70	21.6
2293.61	2293.69	2293.65	247039	247672	16.60	4.46
2295.13	2295.19	2295.16	247578	248272	78.90	27.4
2297.10	2297.16	2297.13	248267	249037	73.90	31
2298.58	2298.66	2298.62	248770	249596	17.50	5.84
2300.58	2300.66	2300.62	249470	250374	38.20	13.9
2302.05	2302.13	2302.09	250026	250991	40.40	9.99
2303.54	2303.60	2303.57	250580	251613	100.00	42.6
2305.52	2305.60	2305.56	251326	252538	40.30	15.2
2307.52	2307.61	2307.57	252114	253522	84.70	37.1
2309.56	2309.64	2309.60	252921	254531	67.20	27
2311.60	2311.66	2311.63	253769	255592	120.00	59.1
2313.58	2313.64	2313.61	254626	256697	139.00	51.2
2315.56	2315.64	2315.60	255462	257894	33.00	8.57
2317.55	2317.63	2317.59	256292	259079	39.60	20.7
2319.07	2319.13	2319.10	256904	259953	99.10	45.5
2321.07	2321.13	2321.10	257698	261087	81.70	33.2
2323.05	2323.13	2323.09	258477	262071	31.20	11.6
2325.05	2325.13	2325.09	259301	263102	57.10	23.2
2326.57	2326.63	2326.60	259912	263808	71.80	44.9
2328.51	2328.57	2328.54	260725	264616	138.00	75.7
2330.52	2330.59	2330.55	261582	265471	103.00	47.6
2332.52	2332.60	2332.56	262386	266279	41.70	17.8
2334.04	2334.10	2334.07	262981	266778	112.00	48.4
2335.45	2335.52	2335.49	263572	267253	173.00	94.6
2337.47	2337.55	2337.51	264438	267947	298.00	153
2339.97	2340.05	2340.01	265541	268701	560.00	255
2342.47	2342.54	2342.51	266708	269401	391.00	270
2345.07	2345.15	2345.11	267958	270151	441.00	263
2346.59	2346.65	2346.62	268834	270677	284.00	215
2348.59	2348.65	2348.62	270029	271393	594.00	356
2350.52	2350.59	2350.56	271237	272117	264.00	151
2352.55	2352.63	2352.59	272497	272835	477.00	238
2354.57	2354.63	2354.60	273769	273469	242.00	119
2356.55	2356.62	2356.59	274956	274061	216.00	120
2358.58	2358.65	2358.62	276224	274695	133.00	42.5
2360.55	2360.62	2360.59	277452	275305	131.00	54.7
2362.57	2362.65	2362.61	278741	276048	40.80	18.1
2364.53	2364.60	2364.57	279999	276795	48.40	19.1
2365.53	2365.60	2365.57	280670	277432	53.90	17.9
2367.52	2367.60	2367.56	281773	278978	26.90	10.3
2369.53	2369.59	2369.56	282750	280372	67.30	31.5
2371.47	2371.54	2371.50	283638	281637	69.10	35.9
2373.49	2373.55	2373.52	284512	283007	60.00	29.2
2375.49	2375.55	2375.52	285398	284487	56.70	24.2
2377.44	2377.52	2377.48	286251	285904	55.80	16.7
2379.41	2379.47	2379.44	287037	287159	61.20	28.7
2381.41	2381.47	2381.44	287811	288116	48.00	22.7
2383.41	2383.47	2383.44	288600	289102	36.70	17.7
2385.41	2385.47	2385.44	289366	289886	49.60	24.9
2387.42	2387.50	2387.46	290139	290507	42.10	14.2
2389.35	2389.41	2389.38	290887	291106	47.10	21
2391.30	2391.36	2391.33	291697	291759	50.30	22.5
2393.33	2393.39	2393.36	292547	292523	76.80	39
2395.35	2395.41	2395.38	293440	293327	101.00	50.2
2397.33	2397.41	2397.37	294372	294166	59.50	23
2399.35	2399.41	2399.38	295312	295011	146.00	70
2400.85	2400.91	2400.88	295985	295619	76.90	28.1
2403.35	2403.41	2403.38	297184	296697	28.80	13.4
2405.85	2405.91	2405.88	298500	297880	80.80	47.4
2408.35	2408.41	2408.38	299739	298996	30.70	11.2
2410.66	2410.91	2410.79	300866	300010	23.70	11.5
2412.83	2412.91	2412.87	301868	300978	61.00	23.9
2415.37	2415.41	2415.39	303030	302143	68.90	22.8
2417.85	2417.92	2417.88	304159	303270	55.30	19
2420.35	2420.43	2420.39	305252	304387	45.30	14.8
2422.86	2422.94	2422.90	306358	305619	55.40	18.9
2425.35	2425.43	2425.39	307492	306881	54.70	25.3
2427.84	2427.92	2427.88	308639	308153	51.40	23.8
2430.35	2430.43	2430.39	309732	309368	55.10	24.1
2432.85	2432.93	2432.89	310819	310575	51.70	16
2435.35	2435.43	2435.39	311864	311735	47.50	18.7
2437.81	2437.89	2437.85	312935	312925	52.70	16.9
2440.31	2440.39	2440.35	314050	314115	82.00	27.9
2442.81	2442.89	2442.85	315159	315223	42.00	12.1
2445.31	2445.39	2445.35	316207	316273	52.90	15.7
2447.84	2447.92	2447.88	317246	317231	44.80	11.4
2450.42	2450.52	2450.47	318500	318360	17.90	5.77
2452.84	2452.92	2452.88	319803	319533	66.00	16.1
2455.42	2455.52	2455.47	321259	320854	21.30	9.08
2457.84	2457.92	2457.88	322495	322093	49.30	20.6
2460.42	2460.52	2460.47	323816	323427	14.20	5.06
2462.84	2462.92	2462.88	324970	324594	54.10	15.2
2465.42	2465.52	2465.47	326218	325852	10.40	3.66
2467.86	2467.94	2467.90	327310	326955	45.80	13.8
2470.44	2470.54	2470.49	328455	328110	13.60	5.02
2473.38	2473.44	2473.41	329705	329373	19.70	6.01
2475.84	2475.90	2475.87	330681	330357	24.50	7.41
2478.35	2478.41	2478.38	331657	331343	14.90	4.54
2480.41	2480.51	2480.46	332450	332144	12.50	4.29
2483.34	2483.41	2483.38	333579	333286	27.10	8.87
2485.41	2485.51	2485.46	334370	334007	18.40	5.73
2487.83	2487.91	2487.87	335217	334683	60.80	19.3
2490.85	2490.91	2490.88	336154	335432	29.30	14.3
2493.35	2493.41	2493.38	336906	336034	28.40	11.5
2495.85	2495.91	2495.88	337700	336669	38.10	11.4
2498.35	2498.41	2498.38	338644	337430	46.60	20.1
2500.66	2500.72	2500.69	339703	338506	68.30	34
