# Dome Fuji Oxygen Isotope and Dust Data over the past 720 ka
#-----------------------------------------------------------------------
#               World Data Service for Paleoclimatology, Boulder
#                                   and
#                      NOAA Paleoclimatology Program
#-----------------------------------------------------------------------
# Template Version 4.0
# Encoding: UTF-8
# NOTE: Please cite original publication, NOAA Landing Page URL, dataset and publication DOIs (where available), and date accessed when using downloaded data.
# If there is no publication information, please cite investigator, study title, NOAA Landing Page URL, and date accessed.
#
# Description/Documentation lines begin with '#' followed by a space
# Data lines have no '#'
#
# NOAA_Landing_Page: https://www.ncei.noaa.gov/access/paleo-search/study/38920
#   Landing_Page_Description: NOAA Landing Page of this file's parent study, which includes all study metadata.
#
# Study_Level_JSON_Metadata: https://www.ncei.noaa.gov/pub/data/metadata/published/paleo/json/noaa-icecore-38920.json
#   Study_Level_JSON_Description: JSON metadata of this data file's parent study, which includes all study metadata.
#
# Data_Type: Ice Cores
#
# Dataset_DOI: 10.25921/zphz-qz79
#
# Science_Keywords: Earth Surface Conditions Reconstruction
#---------------------------------------
# Resource_Links
#
# Data_Download_Resource: https://www.ncei.noaa.gov/pub/data/paleo/icecore/antarctica/kawamura2017/kawamura2017-df2_dust_count-concentr.txt
#   Data_Download_Description: NOAA Template File; DF2 Dust Count and Concentration Data
#
# Original_Source_URL: https://doi.org/10.17592/001.2019121622
#   Original_Source_Description: NIPR ADS Data Repository
#---------------------------------------
# Contribution_Date
#   Date: 2024-01-15
#---------------------------------------
# File_Last_Modified_Date
#   Date: 2024-12-30
#---------------------------------------
# Title
#   Study_Name: Dome Fuji Oxygen Isotope and Dust Data over the past 720 ka
#---------------------------------------
# Investigators
#   Investigators: Kawamura, Kenji; Motoyama, Hideaki; Goto-Azuma, Kumiko; Uemura, Ryu; Oyabu, Ikumi
#---------------------------------------
# Description_Notes_and_Keywords
#   Description: There are two ice cores (DF1 and DF2) from Dome Fuji, Antarctica. The DF1 and DF2 cores were drilled in 1990's and 2000's, respectively. The overall 720 kyr records consist of DF1 data for 0-340 ka (measured mainly in 1990's) and DF2 data for 300-720 ka (measured after 2007). The raw d18O data for DF1 are the same as those used in Watanabe et al., 2003 and Kawamura et al., 2007. The DF2 d18O below 2400 m were measured in sawdust samples (fine ice chips produced from longitudinal cutting of the ice core) that were continuously collected at Dome Fuji with 50-cm resolution. All DF2 d18O samples were collected and sealed in plastic bags and transported frozen to Japan. They were melted at the Nation- al Institute of Polar Research (NIPR) before analysis. d18O was measured with a mass spectrometer (Finnigan MAT DELTAplus) at NIPR, using the isotope equilibration technique with analytical precision (1 s.d.) of 0.05‰. The DF2 sawdust d18O data agree well with the DF1 d18O data measured using ice across the overlapping depth interval (2400 to 2500 m). DFO-2006 time scale (based on orbital tuning of O2/N2 to local summer solstice insolation) for the past ~342 ky and the AICC2012 time scale for the period older than ~344 ka. The DF and EDC ice cores were synchronized by matching isotope records with an automated matching software (Match 2.3).
#---------------------------------------
# Publication
#   Authors: Dome Fuji Ice Core Project Members, Kawamura, K., Abe-Ouchi, A., Motoyama, H., Ageta, Y., Aoki, S., Azuma, N., Fujii, Y., Fujita, K., Fujita, S., Fukui, K., Furukawa, T., Furusaki, A., Goto-Azuma, K., Greve, R., Hirabayashi, M., Hondoh, T., Hori, A., Horikawa, S., Horiuchi, K., Igarashi, M., Iizuka, Y., Kameda, T., Kanda, H., Kohno, M., Kuramoto, T., Matsushi, Y., Miyahara, M., Miyake, T., Miyamoto, A., Nagashima, Y., Nakayama, Y., Nakazawa, T., Nakazawa, F., Nishio, F., Obinata, I., Ohgaito, R., Oka, A., Okuno, J., Okuyama, J., Oyabu, I., Parrenin, F., Pattyn, F., Saito, F., Saito, T., Saito, T., Sakurai, T., Sasa, K., Seddik, H., Shibata, Y., Shinbori, K., Suzuki, K., Suzuki, T., Takahashi, A., Takahashi, K., Takahashi, S., Takata, M., Tanaka, Y., Uemura, R., Watanabe, G., Watanabe, O.
#   Published_Date_or_Year: 2017
#   Published_Title: State dependence of climatic instability over the past 720,000 years from Antarctic ice cores and climate modeling
#   Journal_Name: Science Advances
#   Volume: 3
#   Edition: 
#   Issue: 
#   Pages: 
#   Report_Number: e1600446
#   DOI: 10.1126/sciadv.1600446
#   Online_Resource: 
#   Full_Citation: 
#   Abstract: Climatic variabilities on millennial and longer time scales with a bipolar seesaw pattern have been documented in paleoclimatic records, but their frequencies, relationships with mean climatic state, and mechanisms remain unclear. Understanding the processes and sensitivities that underlie these changes will underpin better understanding of the climate system and projections of its future change. We investigate the long-term characteristics of climatic variability using a new ice-core record from Dome  Fuji, East Antarctica, combined with an existing long record from the Dome C ice core. Antarctic warming events over the past 720,000 years are most frequent when the Antarctic temperature is slightly below average on orbital time scales, equivalent to an intermediate climate during glacial periods, whereas interglacial and fully glaciated climates are unfavourable for a millennial-scale bipolar seesaw. Numerical experiments using a fully coupled atmosphere-ocean general circulation model with freshwater hosing in the northern North Atlantic showed that climate becomes most unstable in intermediate glacial conditions associated with large changes in sea ice and the Atlantic Meridional Overturning Circulation. Model sensitivity experiments suggest that the prerequisite for the most frequent climate instability with bipolar seesaw pattern during the late Pleistocene era is associated with reduced atmospheric CO2 concentration via global cooling and sea ice formation in the North Atlantic, in addition to extended Northern Hemisphere ice sheets.
#---------------------------------------
# Publication
#   Authors: Watanabe, O., Jouzel, J., Johnsen, S., Parrenin, F., Shoji, H., and Yoshida, N.
#   Published_Date_or_Year: 2007
#   Published_Title: Homogeneous climate variability across East Antarctica over the past three glacial cycles
#   Journal_Name: Nature
#   Volume: 422
#   Edition: 
#   Issue: 
#   Pages: 509-512
#   Report_Number: 
#   DOI: 10.1038/nature01525
#   Online_Resource: 
#   Full_Citation: 
#   Abstract: 
#---------------------------------------
# Publication
#   Authors: Kawamura, K., Parrenin, F., Lisiecki, L., Uemura, R., Vimeux, F., Severinghaus, J. P., Hutterli, M. A., Nakazawa, T., Aoki, S., Jouzel, J., Raymo, M. E., Matsumoto, K., Nakata, H., Motoyama, H., Fujita, S., Goto-Azuma, K., Fujii, Y., and Watanabe, O.
#   Published_Date_or_Year: 2007
#   Published_Title: Northern Hemisphere forcing of climatic cycles in Antarctica over the past 360,000 years
#   Journal_Name: Nature
#   Volume: 448
#   Edition: 
#   Issue: 
#   Pages: 912-916
#   Report_Number: 
#   DOI: 10.1038/nature06015
#   Online_Resource: 
#   Full_Citation: 
#   Abstract: 
#---------------------------------------
# Publication
#   Authors: Y. Fujii, M. Kohno, S. Matoba, H. Motoyama and O. Watanabe
#   Published_Date_or_Year: 2003
#   Published_Title: A 320 K-Year Record of Microparticles in the Dome Fuji, Antarctica Ice Core Measured by Laser-Light Scattering
#   Journal_Name: Memories of National Institute of Polar Research Special Issue
#   Volume: 57
#   Edition: 
#   Issue: 
#   Pages: 46-62
#   Report_Number: 
#   DOI: 
#   Online_Resource: 
#   Full_Citation: 
#   Abstract: 
#---------------------------------------
# Funding_Agency
#   Funding_Agency_Name: Japan Society for the Promotion of Science (JSPS)
#   Grant: 14GS0202, 15101001, 16201005, 18340135, 19201003, 18340135, 21221002, 21671001, 22101005, 25241005, 26241011
#---------------------------------------
# Funding_Agency
#   Funding_Agency_Name: Environment Research and Technology Development Fund
#   Grant: 
#---------------------------------------
# Site_Information
#   Site_Name: Dome Fuji
#   Location: Antarctica
#   Northernmost_Latitude: 77.31694
#   Southernmost_Latitude: 77.31694
#   Easternmost_Longitude: 39.70333
#   Westernmost_Longitude: 39.70333
#   Elevation_m: 3810
#---------------------------------------
# Data_Collection
#   Collection_Name: df2_dust_count-concentration
#   First_Year: 715914
#   Last_Year: 296328
#   Time_Unit: calendar year before present
#   Core_Length_m: 
#   Parameter_Keywords: physical properties
#   Notes: DFO-2006 time scale (based on orbital tuning of O2/N2 to local summer solstice insolation) for the past ~342 ky and the AICC2012 time scale for the period older than ~344 ka. The DF and EDC ice cores were synchronized by matching isotope records with an automated matching software (Match 2.3).
#---------------------------------------
# Chronology_Information 
# Chronology: 
#---------------------------------------
# Variables
# PaST_Thesaurus_Download_Resource: https://www.ncei.noaa.gov/access/paleo-search/skos/past-thesaurus.rdf
#   PaST_Thesaurus_Download_Description: Paleoenvironmental Standard Terms (PaST) Thesaurus terms, definitions, and relationships in SKOS format.
#
# Data variables follow that are preceded by "##" in columns one and two.
# Variables list, one per line, shortname-tab-var components: what, material, error, units, seasonality, data type, detail, method, C or N for Character or Numeric data)
#
## df2_top	depth at sample end,,,meter,,Ice Cores,,,N,
## df2_bottom	depth at sample start,,,meter,,Ice Cores,,,N,
## df2_center_depth	depth,,,meter,,Ice Cores,,,N,
## age_dfo2006_aicc2012	ice age,,,calendar year before present,,Ice Cores,,,N,Center age (dfo2006_aicc2012); DFO-2006 time scale was used for the record past ~342 ky
## age_aicc2012	ice age,,,calendar year before present,,Ice Cores,,,N,Center age (AICC2012); AICC2012 time scale was used throughout the period due to core extending past past ~342 ky
## dust_count	dust,,,count per milligram,,Ice Cores,,,N,10^3/mL
## dust_concentration	dust,,,parts per billion,,Ice Cores,,,N,parts per billion by volume
#------------------------
# Data:
# Data lines follow (have no #)
# Data line format - tab-delimited text, variable short name as header
# Missing_Values: NA
df2_top	df2_bottom	df2_center_depth	age_dfo2006_aicc2012	age_aicc2012	dust_count	dust_concentration
2399.50	2399.6	2400	296775	296328	46	17.8
2399.60	2399.7	2400	296823	296372	39.5	16.9
2399.70	2399.8	2400	296872	296415	38.6	16.7
2399.80	2399.9	2400	296921	296460	31.5	12.7
2399.90	2400	2400	296970	296504	38.4	14
2400.00	2400.1	2400	297020	296548	38.8	17.5
2400.50	2400.6	2401	297270	296774	37.9	13.4
2401.00	2401.1	2401	297526	297004	61	25.2
2401.50	2401.6	2402	297787	297239	74.9	29.9
2402.00	2402.1	2402	298053	297478	82.8	55.4
2402.50	2402.6	2403	298323	297721	73.7	32.3
2403.00	2403.1	2403	298589	297961	74	43.2
2403.50	2403.6	2404	298845	298192	66.4	37.7
2404.00	2404.1	2404	299094	298416	68.7	28.4
2404.50	2404.6	2405	299339	298636	66.1	39.2
2405.00	2405.1	2405	299581	298854	44.8	23.3
2405.50	2405.6	2406	299820	299069	27.1	12.2
2406.00	2406.1	2406	300057	299282	39.9	19.3
2406.50	2406.6	2407	300291	299493	48.2	17.9
2407.00	2407.1	2407	300523	299702	31.2	13.8
2407.52	2407.6	2408	300759	299913	55.7	18
2408.00	2408.1	2408	300990	300123	50.9	13.8
2408.50	2408.6	2409	301233	300351	48.7	13.7
2409.00	2409.1	2409	301477	300587	49.4	14.7
2409.50	2409.6	2410	301717	300826	18.7	4.27
2410.00	2410.1	2410	301952	301064	50.5	21.6
2410.50	2410.6	2411	302186	301298	69.8	36.6
2411.00	2411.1	2411	302418	301530	58.5	26.7
2411.50	2411.6	2412	302649	301761	40	16.7
2411.60	2411.7	2412	302694	301807	38.1	15.3
2411.70	2411.8	2412	302740	301853	39.4	15
2411.80	2411.9	2412	302786	301899	45.1	17.9
2411.90	2412	2412	302831	301944	41	16.5
2412.00	2412.1	2412	302877	301990	54.9	18.1
2412.50	2412.6	2413	303102	302214	48	15.3
2413.00	2413.1	2413	303328	302439	42.1	15.8
2413.50	2413.6	2414	303554	302665	28.7	10.1
2414.00	2414.1	2414	303782	302893	36.7	11.7
2414.50	2414.6	2415	304010	303120	24	9.05
2415.00	2415.1	2415	304235	303347	56	14.4
2415.50	2415.6	2416	304458	303570	46.6	11.6
2416.00	2416.1	2416	304678	303790	37	14.5
2416.50	2416.6	2417	304895	304007	21.5	7.51
2417.00	2417.1	2417	305109	304230	17.4	6.12
2417.50	2417.6	2418	305319	304462	40.1	12.7
2418.00	2418.1	2418	305530	304700	29.8	11.3
2418.50	2418.6	2419	305746	304940	53.5	14.5
2419.00	2419.1	2419	305967	305185	28.8	12.2
2419.50	2419.6	2420	306196	305438	32.9	9.85
2420.00	2420.1	2420	306428	305697	27.7	9.11
2420.50	2420.6	2421	306664	305958	41.1	15.7
2421.00	2421.1	2421	306896	306217	70.9	19.4
2421.50	2421.6	2422	307122	306468	66.1	18.6
2422.00	2422.1	2422	307343	306714	99.5	48.2
2422.54	2422.61	2423	307574	306971	86.6	30.6
2423.00	2423.1	2423	307785	307206	63.7	22.3
2423.50	2423.6	2424	308013	307459	90.7	44.8
2423.60	2423.7	2424	308060	307511	88.5	43.1
2423.70	2423.8	2424	308106	307562	125	57.9
2423.80	2423.9	2424	308153	307614	133	59.2
2423.90	2424	2424	308200	307666	86.5	51.1
2424.00	2424.1	2424	308247	307718	79.4	45.3
2424.50	2424.6	2425	308483	307980	154	67
2425.00	2425.1	2425	308718	308241	78.7	43.6
2425.50	2425.6	2426	308948	308496	51.7	25.7
2426.00	2426.1	2426	309170	308743	48.1	26.2
2426.50	2426.6	2427	309383	308981	52.2	26.4
2427.00	2427.1	2427	309592	309212	68.7	40.4
2427.50	2427.6	2428	309798	309442	89.9	65.8
2428.00	2428.1	2428	310008	309675	77.1	38.1
2428.50	2428.6	2429	310225	309915	60.9	38.8
2429.00	2429.1	2429	310445	310160	63.3	29.2
2429.50	2429.6	2430	310668	310406	62	32.7
2430.00	2430.1	2430	310890	310654	106	53.1
2430.50	2430.6	2431	311111	310899	69.2	24.1
2431.00	2431.1	2431	311325	311137	79.6	34.5
2431.50	2431.6	2432	311529	311363	52.1	21.6
2432.00	2432.1	2432	311728	311584	43.7	15
2432.50	2432.6	2433	311928	311807	39.3	18.5
2433.00	2433.1	2433	312139	312041	34.6	12.4
2433.50	2433.6	2434	312362	312289	62.9	18.9
2433.96	2434.07	2434	312572	312521	40.5	22.9
2434.50	2434.6	2435	312805	312781	46.5	13.8
2435.00	2435.1	2435	313022	313022	37.3	14
2435.50	2435.6	2436	313243	313270	37.4	16.1
2435.60	2435.7	2436	313288	313320	55	16.4
2435.70	2435.8	2436	313333	313369	37.1	14.3
2435.80	2435.9	2436	313378	313418	37.1	16.3
2435.90	2436	2436	313423	313468	47.5	22.7
2436.00	2436.1	2436	313469	313516	25.3	7.75
2436.50	2436.6	2437	313695	313754	37.6	12.4
2437.00	2437.1	2437	313918	313982	25.5	10.3
2437.50	2437.6	2438	314137	314202	26.9	8.15
2438.00	2438.1	2438	314358	314422	26.9	8.34
2438.50	2438.6	2439	314586	314650	26.6	11
2439.00	2439.1	2439	314813	314877	35.3	16.1
2439.50	2439.6	2440	315032	315096	20.3	4.97
2440.00	2440.1	2440	315242	315306	16.2	7.3
2440.50	2440.6	2441	315445	315509	29.2	11.9
2441.00	2441.1	2441	315651	315715	15.6	5.31
2441.53	2441.623	2442	315878	315941	18.3	7.53
2442.00	2442.1	2442	316082	316146	17.7	7.43
2442.50	2442.6	2443	316288	316355	19.4	6.55
2443.00	2443.1	2443	316488	316551	14.2	5.45
2443.50	2443.6	2444	316686	316731	12.2	3.58
2444.00	2444.1	2444	316889	316910	9.39	2.39
2444.50	2444.6	2445	317101	317100	11.5	5.17
2445.00	2445.1	2445	317323	317300	14	3.22
2445.50	2445.6	2446	317554	317509	7.76	2.04
2446.00	2446.1	2446	317794	317725	9.28	3.48
2446.50	2446.6	2447	318041	317947	11	3.14
2447.00	2447.1	2447	318290	318171	9.82	2.73
2447.50	2447.6	2448	318540	318397	14.3	6.25
2447.60	2447.7	2448	318590	318442	11.9	4.83
2447.70	2447.8	2448	318641	318488	15.4	6.64
2447.80	2447.9	2448	318692	318534	14.4	6.09
2447.90	2448	2448	318743	318580	13.9	5.3
2448.00	2448.1	2448	318795	318626	17	4.53
2448.50	2448.6	2449	319060	318864	11.5	2.57
2449.00	2449.1	2449	319334	319110	20.3	9.19
2449.50	2449.6	2450	319615	319363	18.2	7.14
2450.00	2450.1	2450	319901	319621	42.7	19.5
2450.50	2450.6	2451	320189	319881	23.7	12.2
2451.00	2451.1	2451	320476	320137	20.2	8.71
2451.50	2451.6	2452	320758	320389	25.8	10.5
2452.00	2452.1	2452	321033	320640	34.5	13.9
2452.50	2452.6	2453	321301	320894	26.2	8.25
2453.02	2453.11	2453	321568	321157	55.3	23.6
2453.50	2453.6	2454	321813	321404	29.8	10.3
2454.00	2454.1	2454	322065	321660	24.3	6.64
2454.50	2454.6	2455	322323	321920	15	4.15
2455.00	2455.1	2455	322584	322184	16.3	6.14
2455.50	2455.6	2456	322847	322449	20.7	8.1
2456.00	2456.1	2456	323105	322710	7.92	2.73
2456.50	2456.6	2457	323356	322963	20.5	9.32
2456.60	2456.7	2457	323406	323013	29.6	7.56
2456.70	2456.8	2457	323455	323063	16.5	5.51
2456.80	2456.9	2457	323505	323113	16.6	6.05
2456.90	2457	2457	323555	323164	13	4.81
2457.00	2457.1	2457	323605	323214	10.9	2.64
2457.50	2457.6	2458	323856	323468	10.6	3
2458.00	2458.1	2458	324104	323718	10.1	3.39
2458.50	2458.6	2459	324344	323959	11.6	2.77
2459.00	2459.1	2459	324578	324197	9.94	2.36
2459.50	2459.6	2460	324813	324435	16.1	5.82
2460.00	2460.1	2460	325052	324676	15.8	4.21
2460.50	2460.6	2461	325298	324924	15.4	4.7
2461.00	2461.1	2461	325545	325172	8.04	3.21
2461.50	2461.6	2462	325787	325416	13.1	3.99
2462.00	2462.1	2462	326023	325656	11.7	2.72
2462.50	2462.6	2463	326254	325889	15.2	4.94
2463.00	2463.1	2463	326482	326118	7.08	1.95
2463.50	2463.6	2464	326707	326346	9.13	2.37
2464.00	2464.1	2464	326931	326573	8.66	3.26
2464.51	2464.6	2465	327157	326800	22	3.17
2465.00	2465.1	2465	327377	327022	11.9	2.95
2465.50	2465.6	2466	327600	327248	6.92	2.59
2466.00	2466.1	2466	327822	327471	9.66	2.32
2466.50	2466.6	2467	328042	327693	10.7	2.27
2467.00	2467.1	2467	328262	327914	11.1	3.44
2467.50	2467.6	2468	328481	328137	15.5	3.3
2468.00	2468.1	2468	328700	328358	11.4	2.61
2468.50	2468.6	2469	328916	328576	9.36	4.04
2468.60	2468.7	2469	328959	328620	10.7	4.02
2468.70	2468.8	2469	329002	328663	8.76	3.81
2468.80	2468.9	2469	329045	328706	11	4.05
2468.90	2469	2469	329088	328749	14.1	5.8
2469.00	2469.1	2469	329130	328793	11.2	2.9
2469.50	2469.6	2470	329343	329007	75.2	16.8
2470.00	2470.1	2470	329554	329220	7.45	2.77
2470.50	2470.6	2471	329763	329432	20.9	6.8
2471.00	2471.1	2471	329968	329638	16.9	6.09
2471.50	2471.6	2472	330166	329839	13.7	5.93
2472.00	2472.1	2472	330362	330036	17.7	6.09
2472.50	2472.6	2473	330557	330232	16.9	6.13
2473.00	2473.1	2473	330750	330427	24.5	12.7
2473.50	2473.6	2474	330942	330621	17.5	6.67
2474.00	2474.1	2474	331134	330816	17.2	6.07
2474.50	2474.6	2475	331331	331014	18.1	6.39
2475.00	2475.1	2475	331528	331213	16	6.25
2475.50	2475.6	2476	331723	331410	11.9	4.12
2476.00	2476.1	2476	331915	331604	17.9	6.83
2476.50	2476.6	2477	332104	331795	17.2	7.05
2477.00	2477.1	2477	332293	331985	15	6
2477.50	2477.6	2478	332485	332179	23.8	7.17
2478.00	2478.1	2478	332680	332376	14.1	4.68
2478.50	2478.6	2479	332875	332574	19.7	7.79
2479.00	2479.092	2479	333068	332768	17.1	6.47
2479.46	2479.55	2480	333242	332944	23.4	6.07
2479.98	2480.08	2480	333443	333147	20.6	6.85
2480.50	2480.6	2481	333646	333354	20.6	9.47
2480.60	2480.7	2481	333685	333394	18.9	7.66
2480.70	2480.8	2481	333725	333434	20.8	9.76
2480.80	2480.9	2481	333764	333473	16.5	7.93
2480.90	2481	2481	333803	333511	23.1	6.23
2481.00	2481.1	2481	333843	333549	24.6	6.19
2481.50	2481.6	2482	334036	333727	20.9	8.24
2482.00	2482.1	2482	334222	333887	16	5.63
2482.50	2482.6	2483	334402	334032	18.4	4.99
2483.00	2483.1	2483	334579	334172	22.9	6.55
2483.54	2483.632	2484	334771	334325	14.6	5.43
2484.00	2484.1	2484	334936	334457	24.5	5.86
2484.50	2484.6	2485	335109	334596	24.3	5.3
2485.00	2485.1	2485	335276	334730	16.8	6.48
2485.50	2485.6	2486	335437	334859	12.6	4.06
2486.00	2486.1	2486	335593	334983	7.78	2.49
2486.50	2486.6	2487	335747	335107	12.1	4.29
2487.00	2487.1	2487	335900	335229	9.72	2.84
2487.50	2487.6	2488	336053	335351	4.78	1.1
2488.00	2488.1	2488	336206	335473	6.59	2.19
2488.50	2488.6	2489	336360	335596	4.42	1.1
2489.00	2489.1	2489	336512	335718	2.4	0.58
2489.50	2489.6	2490	336661	335838	6.05	1.73
2490.00	2490.1	2490	336809	335956	2.98	0.83
2490.50	2490.6	2491	336956	336074	5.91	1.96
2491.00	2491.1	2491	337106	336194	6.32	1.77
2491.50	2491.6	2492	337262	336319	5.44	1.37
2492.00	2492.1	2492	337422	336447	6	1.49
2492.50	2492.6	2493	337588	336579	4.59	1.41
2492.60	2492.7	2493	337622	336606	7.76	2.26
2492.70	2492.8	2493	337655	336634	5.65	1.82
2492.80	2492.9	2493	337690	336661	4.48	1.27
2492.90	2493	2493	337724	336688	5.18	1.61
2493.00	2493.1	2493	337758	336716	4.05	1.12
2493.50	2493.6	2494	337933	336856	4.35	1.22
2494.00	2494.1	2494	338114	337001	7.64	2.43
2494.50	2494.6	2495	338303	337152	10.4	3.94
2495.02	2495.12	2495	338512	337321	8.39	2.53
2495.50	2495.6	2496	338718	337493	11.6	4.31
2496.00	2496.1	2496	338939	337693	8.19	2.99
2496.50	2496.6	2497	339161	337915	8.72	2.86
2497.00	2497.1	2497	339389	338159	13.8	4.1
2497.50	2497.6	2498	339631	338427	9.61	2.71
2498.00	2498.1	2498	339894	338720	11.1	3.55
2498.50	2498.6	2499	340181	339037	24.2	5.83
2499.00	2499.1	2499	340478	339367	14.3	3.61
2499.50	2499.6	2500	340774	339699	13.3	3.47
2500.00	2500.1	2500	341078	340034	41	7.29
2500.10	2500.2	2500	341140	340101	32.8	14.6
2500.20	2500.3	2500	341202	340168	32.6	10.3
2500.30	2500.4	2500	341264	340235	36.5	16.1
2500.40	2500.5	2500	341325	340302	34	15.9
2500.50	2500.6	2501	341385	340367	51	20.7
2501.00	2501.1	2501	341653	340675	61.8	21.9
2501.50	2501.6	2502	341853	340943	72.4	38.4
2502.00	2502.1	2502	342029	341202	33.7	9.7
2502.50	2502.6	2503	342220	341480	40	10.8
2503.00	2503.1	2503	342422	341773	48.1	24.6
2503.50	2503.6	2504	342628	342071	30.6	9.08
2504.00	2504.1	2504	342837	342373	82.7	25.4
2504.50	2504.6	2505	343051	342680	147	98.8
2505.00	2505.1	2505	343281	342993	186	50.6
2505.50	2505.6	2506	343527	343311	324	92.5
2506.00	2506.1	2506	343763	343624	322	170
2506.46	2506.56	2507	343965	343903	433	209
2506.99	2507.09	2507	344244	344245	230	108
2507.50	2507.6	2508	344606	344616	247	161
2508.00	2508.1	2508	345001	345001	268	180
2508.50	2508.6	2509	345387	345384	152	51.3
2509.00	2509.1	2509	345768	345769	253	142
2509.50	2509.6	2510	346156	346156	162	43.2
2510.00	2510.1	2510	346548	346547	230	117
2510.50	2510.6	2511	346941	346941	165	98
2511.00	2511.1	2511	347330	347331	190	86.4
2511.50	2511.6	2512	347713	347714	128	77.6
2512.00	2512.1	2512	348098	348098	159	83.4
2512.50	2512.6	2513	348484	348484	129	69.2
2513.00	2513.1	2513	348849	348850	152	82.4
2513.50	2513.6	2514	349176	349177	165	93.6
2514.00	2514.105	2514	349482	349482	79.3	31.6
2514.50	2514.6	2515	349782	349782	121	66.5
2515.00	2515.1	2515	350084	350084	119	59.1
2515.50	2515.6	2516	350388	350388	94.6	56.3
2516.00	2516.1	2516	350677	350677	66.1	27
2516.50	2516.6	2517	350940	350940	112	57.8
2517.00	2517.1	2517	351189	351189	68.5	33
2517.50	2517.6	2518	351436	351435	66.8	37.3
2518.00	2518.1	2518	351686	351685	80.7	44.7
2518.50	2518.6	2519	351942	351941	61.9	31.5
2519.00	2519.1	2519	352199	352199	138	64.8
2519.50	2519.6	2520	352452	352452	122	53.1
2520.00	2520.1	2520	352704	352704	133	55.7
2520.50	2520.6	2521	352958	352956	135	80.7
2521.00	2521.1	2521	353216	353214	144	61.3
2521.50	2521.6	2522	353478	353477	232	133
2522.00	2522.1	2522	353728	353728	239	93.4
2522.50	2522.6	2523	353968	353968	311	181
2523.00	2523.1	2523	354257	354257	243	136
2523.50	2523.6	2524	354637	354636	220	84.7
2524.00	2524.1	2524	355064	355063	444	263
2524.50	2524.6	2525	355495	355495	323	210
2525.00	2525.1	2525	355925	355926	351	239
2525.51	2525.61	2526	356369	356370	371	224
2526.00	2526.1	2526	356802	356802	548	331
2526.50	2526.6	2527	357250	357249	448	254
2527.00	2527.1	2527	357698	357697	405	238
2527.50	2527.6	2528	358142	358142	590	383
2528.00	2528.1	2528	358590	358590	358	274
2528.50	2528.6	2529	359042	359040	328	174
2529.00	2529.1	2529	359474	359472	200	139
2529.50	2529.6	2530	359870	359869	216	158
2530.00	2530.1	2530	360249	360249	264	134
2530.50	2530.6	2531	360630	360630	222	124
2531.00	2531.1	2531	361012	361012	117	68.1
2531.50	2531.6	2532	361395	361395	220	111
2532.00	2532.1	2532	361781	361781	127	80.5
2532.50	2532.6	2533	362169	362170	139	73.5
2533.00	2533.1	2533	362548	362548	222	113
2533.50	2533.6	2534	362906	362906	112	58.2
2534.00	2534.1	2534	363249	363248	93.4	60.2
2534.50	2534.6	2535	363581	363580	113	61.7
2535.00	2535.1	2535	363905	363904	156	52.9
2535.50	2535.6	2536	364223	364222	74.7	25.2
2536.00	2536.1	2536	364540	364540	95.7	40.7
2536.50	2536.6	2537	364861	364861	78.5	51.2
2537.00	2537.1	2537	365183	365183	76.8	49.4
2537.50	2537.6	2538	365504	365505	122	64.7
2538.00	2538.1	2538	365834	365835	139	92
2538.50	2538.6	2539	366177	366177	121	71.2
2539.00	2539.1	2539	366514	366514	94.8	45.1
2539.50	2539.6	2540	366834	366834	125	68.9
2540.00	2540.1	2540	367167	367167	194	132
2540.50	2540.6	2541	367532	367532	74.8	42
2541.00	2541.1	2541	367910	367910	143	99
2541.50	2541.6	2542	368279	368279	95.5	49.6
2542.00	2542.1	2542	368640	368640	91.5	39
2542.50	2542.6	2543	368994	368994	99.4	53.6
2543.00	2543.1	2543	369353	369353	66.6	41.5
2543.50	2543.6	2544	369722	369722	177	90.9
2544.00	2544.1	2544	370093	370093	133	57.7
2544.50	2544.6	2545	370457	370458	124	78.4
2545.00	2545.1	2545	370817	370817	90.3	45.2
2545.50	2545.6	2546	371169	371169	105	50.9
2546.00	2546.1	2546	371504	371503	57.7	26.5
2546.50	2546.6	2547	371816	371815	44.7	26.8
2547.00	2547.1	2547	372120	372120	53.3	22.9
2547.50	2547.6	2548	372431	372431	50.6	20
2548.00	2548.09	2548	372745	372744	43.4	20
2548.45	2548.56	2549	373039	373038	67.4	27.2
2548.98	2549.08	2549	373361	373361	54.6	15.2
2549.50	2549.6	2550	373672	373672	27.2	12.5
2550.00	2550.1	2550	373966	373966	27.4	9.08
2550.50	2550.6	2551	374263	374263	44.1	12
2551.00	2551.1	2551	374568	374568	37.5	16.9
2551.50	2551.6	2552	374883	374884	67.3	20.5
2552.00	2552.1	2552	375211	375211	53.5	20
2552.50	2552.6	2553	375551	375550	155	74.2
2553.00	2553.1	2553	375897	375896	87.2	45.8
2553.50	2553.6	2554	376243	376242	125	82
2554.00	2554.1	2554	376589	376589	76.7	44.5
2554.50	2554.6	2555	376934	376934	88.4	57.5
2555.00	2555.1	2555	377274	377274	110	51.6
2555.50	2555.6	2556	377606	377606	68.7	32.4
2556.00	2556.1	2556	377936	377935	96.4	40.2
2556.50	2556.6	2557	378266	378265	56.3	27.3
2557.00	2557.1	2557	378593	378592	53	20.2
2557.50	2557.6	2558	378915	378915	40.7	14.8
2558.00	2558.1	2558	379240	379240	50.2	16.6
2558.50	2558.6	2559	379571	379572	58.7	27.3
2559.00	2559.1	2559	379893	379894	46.1	15.8
2559.50	2559.6	2560	380192	380192	33.5	9.03
2560.00	2560.1	2560	380472	380471	40.2	16.6
2560.50	2560.6	2561	380742	380742	42.2	10.3
2561.00	2561.1	2561	381010	381010	37.8	10.3
2561.50	2561.6	2562	381281	381280	35.7	11.1
2562.00	2562.1	2562	381556	381555	27.2	6.72
2562.50	2562.6	2563	381835	381835	29	8.41
2563.00	2563.1	2563	382120	382120	21.5	8.33
2563.50	2563.6	2564	382408	382409	19	4.94
2564.00	2564.1	2564	382704	382704	21.4	5.6
2564.50	2564.6	2565	383008	383007	31	12.3
2565.00	2565.1	2565	383321	383320	44.6	14.3
2565.50	2565.6	2566	383641	383640	62.6	25.7
2566.00	2566.1	2566	383964	383963	45.2	22.7
2566.50	2566.6	2567	384285	384285	70.7	32.7
2567.00	2567.09	2567	384603	384603	81.3	45.1
2567.45	2567.56	2568	384898	384898	48.1	25.9
2567.97	2568.07	2568	385222	385222	37.8	12.1
2568.49	2568.59	2569	385541	385541	27.6	5.78
2569.00	2569.1	2569	385851	385851	28.6	11.9
2569.50	2569.6	2570	386161	386161	14.6	2.53
2570.00	2570.1	2570	386486	386486	18.2	3.94
2570.50	2570.6	2571	386830	386830	14.2	6.33
2571.00	2571.1	2571	387189	387189	11.8	2.33
2571.50	2571.6	2572	387560	387560	13.6	2.11
2572.00	2572.1	2572	387945	387946	24.3	8.13
2572.50	2572.6	2573	388347	388348	17.1	3.3
2573.00	2573.1	2573	388757	388758	18	5.05
2573.50	2573.6	2574	389170	389169	24.2	11.7
2574.00	2574.1	2574	389583	389582	43.4	15.2
2574.50	2574.6	2575	390002	390002	43	20.9
2575.00	2575.1	2575	390438	390439	96.2	55.5
2575.50	2575.6	2576	390893	390893	63.9	26.6
2576.00	2576.1	2576	391332	391331	61	25.3
2576.50	2576.6	2577	391729	391728	24.1	13
2577.00	2577.1	2577	392106	392106	17.9	4.12
2577.50	2577.6	2578	392486	392486	34.8	15.4
2578.00	2578.1	2578	392871	392871	28.9	11
2578.50	2578.6	2579	393257	393257	24	8.44
2579.00	2579.1	2579	393640	393641	21.8	5.84
2579.50	2579.6	2580	394016	394018	17.4	6.74
2580.00	2580.1	2580	394387	394388	52.2	17.2
2580.50	2580.6	2581	394753	394753	14.2	3.41
2581.00	2581.1	2581	395116	395116	26.8	7.66
2581.50	2581.6	2582	395477	395477	12.5	3.8
2582.00	2582.1	2582	395830	395830	13.4	3.28
2582.50	2582.6	2583	396172	396171	9.2	3.42
2583.00	2583.1	2583	396507	396506	14.1	3.55
2583.50	2583.6	2584	396841	396840	7.43	1.46
2584.00	2584.1	2584	397174	397174	11.4	3.58
2584.50	2584.6	2585	397508	397508	13.8	3.32
2585.00	2585.1	2585	397837	397836	12.6	2.77
2585.50	2585.6	2586	398157	398157	8.4	2.94
2586.00	2586.1	2586	398472	398472	13.6	2.67
2586.52	2586.61	2587	398795	398795	9	2.45
2587.00	2587.1	2587	399098	399099	18.1	5.54
2587.50	2587.6	2588	399413	399413	12.6	3.22
2588.00	2588.1	2588	399724	399724	16.9	2.78
2588.50	2588.6	2589	400028	400028	10.6	4.01
2589.00	2589.1	2589	400331	400331	25.1	4.03
2589.50	2589.6	2590	400638	400638	23	4.14
2590.00	2590.1	2590	400944	400944	35	10.6
2590.50	2590.6	2591	401247	401247	31	7.52
2591.00	2591.095	2591	401543	401543	25.8	4.83
2591.50	2591.6	2592	401835	401835	9.64	3.58
2592.00	2592.1	2592	402126	402126	19.7	3
2592.50	2592.6	2593	402418	402418	26.3	4.14
2593.00	2593.1	2593	402709	402709	24.7	9.77
2593.50	2593.6	2594	402997	402997	31.9	6.12
2594.00	2594.1	2594	403280	403280	10.6	1.7
2594.50	2594.6	2595	403558	403558	9.59	4.28
2595.00	2595.1	2595	403831	403830	11.6	1.92
2595.50	2595.6	2596	404099	404098	21.7	3.49
2596.00	2596.1	2596	404366	404366	12.8	4.34
2596.50	2596.6	2597	404636	404637	12.4	2.22
2597.00	2597.1	2597	404905	404906	13.6	2.25
2597.50	2597.6	2598	405170	405169	10.2	3.82
2598.00	2598.1	2598	405432	405431	15.4	2.65
2598.50	2598.6	2599	405695	405694	19	2.58
2599.00	2599.1	2599	405958	405958	9.33	3.33
2599.50	2599.6	2600	406223	406223	16.3	2.37
2600.00	2600.1	2600	406485	406485	14.1	2.11
2600.50	2600.6	2601	406743	406743	9.12	3.28
2601.00	2601.1	2601	407002	407002	18.1	4.74
2601.50	2601.6	2602	407267	407267	5.37	1.07
2602.00	2602.1	2602	407529	407529	15.9	5.61
2602.50	2602.6	2603	407783	407784	9.06	2.16
2603.00	2603.1	2603	408035	408036	5.14	0.96
2603.50	2603.6	2604	408290	408290	12.4	4.07
2604.00	2604.1	2604	408547	408547	5.42	0.98
2604.50	2604.6	2605	408804	408804	4.71	0.84
2605.00	2605.1	2605	409062	409062	30.6	10.4
2605.50	2605.6	2606	409319	409319	13	4.52
2606.00	2606.1	2606	409577	409577	6.16	1.57
2606.50	2606.6	2607	409834	409834	6.37	1.93
2607.00	2607.1	2607	410092	410092	11	3.15
2607.50	2607.6	2608	410349	410349	7.21	1.42
2608.00	2608.1	2608	410608	410608	14.9	4.51
2608.50	2608.6	2609	410871	410871	5.96	1.23
2609.00	2609.08	2609	411134	411134	6.05	1.15
2609.50	2609.6	2610	411411	411411	5.83	1.94
2610.00	2610.12	2610	411690	411690	16	3.51
2610.50	2610.6	2611	411956	411957	14.6	3.15
2611.00	2611.1	2611	412234	412235	7.37	2.27
2611.50	2611.6	2612	412521	412521	9.59	2.23
2612.00	2612.1	2612	412811	412810	17.2	3.55
2612.50	2612.6	2613	413096	413095	4.45	1.51
2613.00	2613.11	2613	413382	413382	12.6	3.31
2613.50	2613.6	2614	413664	413664	8.26	1.95
2614.00	2614.1	2614	413957	413957	21.4	5.34
2614.50	2614.6	2615	414258	414258	10.4	2.81
2615.00	2615.1	2615	414556	414556	15.6	3.91
2615.50	2615.6	2616	414843	414843	5.51	1.69
2616.00	2616.1	2616	415129	415129	10.1	2.34
2616.50	2616.6	2617	415425	415425	12.4	3.87
2616.99	2617.1	2617	415722	415722	14.6	3.97
2617.50	2617.6	2618	416021	416021	6.78	1.81
2618.00	2618.1	2618	416317	416317	8.92	2.78
2618.50	2618.6	2619	416616	416615	6.76	2.19
2619.00	2619.1	2619	416917	416916	9.25	2.71
2619.50	2619.6	2620	417220	417220	9.75	2.99
2620.00	2620.1	2620	417533	417533	6.89	1.84
2620.50	2620.6	2621	417859	417859	14.5	4.66
2621.00	2621.1	2621	418188	418188	14.2	4.21
2621.50	2621.6	2622	418512	418512	5.92	1.68
2622.00	2622.1	2622	418834	418834	13.4	3.02
2622.50	2622.6	2623	419159	419159	9.48	2.76
2623.00	2623.1	2623	419488	419488	9.61	3.26
2623.50	2623.6	2624	419824	419824	11.9	3.65
2624.00	2624.1	2624	420163	420163	10.5	3.54
2624.50	2624.6	2625	420499	420500	20.8	9.47
2625.00	2625.1	2625	420834	420835	18.2	3.97
2625.50	2625.6	2626	421171	421172	36.5	8.04
2626.00	2626.1	2626	421519	421518	29.5	9.33
2626.50	2626.6	2627	421886	421885	27.3	5.83
2627.00	2627.1	2627	422276	422275	24.8	4.9
2627.50	2627.6	2628	422689	422688	14.9	6
2628.00	2628.1	2628	423111	423111	20.6	5.43
2628.50	2628.6	2629	423533	423532	19.8	6.22
2629.00	2629.1	2629	423953	423952	24.7	8.16
2629.50	2629.6	2630	424369	424368	16.4	3.94
2630.00	2630.1	2630	424769	424769	14.6	4.04
2630.50	2630.6	2631	425148	425148	6.86	2.19
2631.00	2631.1	2631	425525	425525	13.5	3.43
2631.50	2631.6	2632	425919	425918	12.1	2.73
2632.00	2632.1	2632	426326	426325	32.8	13.4
2632.50	2632.6	2633	426745	426746	21.1	7.93
2633.00	2633.1	2633	427177	427178	26.9	7.34
2633.50	2633.6	2634	427622	427622	27.6	12.4
2634.00	2634.1	2634	428084	428083	35.3	12.1
2634.50	2634.6	2635	428565	428564	44.6	15
2635.00	2635.1	2635	429070	429070	53.7	19.1
2635.50	2635.6	2636	429600	429601	132	57.3
2636.00	2636.095	2636	430150	430151	125	52.9
2636.50	2636.6	2637	430726	430727	228	124
2637.00	2637.1	2637	431316	431317	249	119
2637.50	2637.6	2638	431925	431924	364	174
2638.00	2638.1	2638	432558	432557	398	218
2638.50	2638.6	2639	433216	433216	281	108
2639.00	2639.1	2639	433888	433888	412	155
2639.50	2639.6	2640	434563	434563	358	216
2640.00	2640.1	2640	435237	435236	391	124
2640.50	2640.6	2641	435910	435910	364	188
2641.00	2641.1	2641	436585	436585	382	221
2641.50	2641.6	2642	437260	437259	428	270
2642.00	2642.1	2642	437932	437931	425	268
2642.50	2642.6	2643	438593	438592	359	253
2643.00	2643.1	2643	439230	439230	483	311
2643.50	2643.6	2644	439840	439840	643	426
2644.00	2644.1	2644	440438	440438	566	359
2644.50	2644.6	2645	441040	441040	490	355
2645.00	2645.1	2645	441647	441648	599	412
2645.50	2645.6	2646	442257	442257	470	328
2646.00	2646.1	2646	442866	442864	569	355
2646.50	2646.6	2647	443467	443466	648	325
2647.00	2647.1	2647	444066	444066	423	265
2647.53	2647.625	2648	444695	444695	621	252
2648.00	2648.1	2648	445264	445264	375	273
2648.50	2648.6	2649	445859	445859	330	228
2649.00	2649.1	2649	446447	446447	258	162
2649.50	2649.6	2650	447025	447025	549	316
2650.00	2650.1	2650	447593	447593	349	225
2650.50	2650.6	2651	448149	448149	357	182
2651.00	2651.1	2651	448680	448680	280	144
2651.50	2651.6	2652	449179	449179	196	116
2652.00	2652.1	2652	449655	449655	182	93.3
2652.50	2652.6	2653	450121	450120	260	122
2653.00	2653.1	2653	450598	450597	306	153
2653.50	2653.6	2654	451096	451095	449	221
2654.00	2654.1	2654	451596	451597	375	157
2654.50	2654.6	2655	452082	452082	265	161
2655.00	2655.1	2655	452555	452555	336	165
2655.50	2655.6	2656	453021	453021	352	136
2656.00	2656.1	2656	453491	453490	116	54.4
2656.50	2656.6	2657	453967	453966	139	80.1
2657.00	2657.1	2657	454425	454424	253	119
2657.50	2657.6	2658	454853	454853	183	110
2658.00	2658.1	2658	455274	455274	265	128
2658.50	2658.595	2659	455707	455707	447	207
2658.98	2659.075	2659	456137	456137	255	142
2659.50	2659.6	2660	456611	456611	229	105
2660.00	2660.1	2660	457057	457057	197	76.1
2660.50	2660.6	2661	457488	457488	120	60.7
2661.00	2661.1	2661	457916	457915	197	52.1
2661.50	2661.6	2662	458348	458347	204	60.2
2662.00	2662.1	2662	458773	458773	142	59.1
2662.50	2662.6	2663	459183	459184	67.3	26.6
2663.00	2663.1	2663	459590	459591	125	59.1
2663.50	2663.6	2664	460003	460003	134	67.7
2664.00	2664.1	2664	460428	460427	205	113
2664.50	2664.6	2665	460867	460866	323	159
2665.00	2665.1	2665	461315	461315	244	98.9
2665.50	2665.6	2666	461769	461769	410	301
2666.00	2666.1	2666	462225	462225	470	309
2666.50	2666.62	2667	462690	462689	320	189
2667.00	2667.1	2667	463138	463137	492	213
2667.50	2667.6	2668	463596	463597	413	223
2668.00	2668.1	2668	464060	464061	279	141
2668.50	2668.6	2669	464527	464528	358	190
2669.00	2669.1	2669	464986	464986	210	80.3
2669.50	2669.6	2670	465429	465429	71.8	44.9
2670.00	2670.1	2670	465866	465867	95.8	35.1
2670.50	2670.6	2671	466307	466307	82.9	28.7
2671.00	2671.1	2671	466749	466748	93.7	42.9
2671.50	2671.6	2672	467188	467187	170	82.9
2672.00	2672.1	2672	467631	467631	153	71.1
2672.50	2672.6	2673	468085	468085	307	190
2673.00	2673.1	2673	468551	468551	309	136
2673.50	2673.6	2674	469025	469025	412	166
2674.00	2674.1	2674	469496	469496	344	206
2674.50	2674.6	2675	469959	469959	160	48.4
2675.00	2675.1	2675	470434	470434	187	65.7
2675.50	2675.6	2676	470927	470927	211	110
2676.00	2676.1	2676	471401	471401	137	41.6
2676.50	2676.6	2677	471830	471830	98.8	34.5
2677.00	2677.1	2677	472237	472237	71.1	26.8
2677.50	2677.6	2678	472645	472645	125	48.7
2678.01	2678.11	2678	473060	473060	25.9	5.09
2678.50	2678.6	2679	473450	473450	32.7	10.8
2679.00	2679.1	2679	473833	473833	21.2	5.22
2679.50	2679.6	2680	474201	474201	20.2	5.03
2680.00	2680.1	2680	474565	474565	15.1	6.84
2680.50	2680.6	2681	474937	474937	39.7	14.9
2681.00	2681.1	2681	475314	475314	23	6.96
2681.50	2681.6	2682	475694	475694	22.4	9.31
2682.00	2682.1	2682	476084	476084	28.7	12.2
2682.50	2682.6	2683	476487	476487	62.5	33.4
2683.00	2683.1	2683	476892	476892	138	49.9
2683.50	2683.6	2684	477287	477287	56.9	27
2684.00	2684.1	2684	477671	477671	53.4	23.9
2684.50	2684.6	2685	478046	478046	60.3	24.8
2685.00	2685.1	2685	478411	478411	29.1	12.3
2685.50	2685.6	2686	478764	478764	20.6	9.41
2686.00	2686.1	2686	479114	479114	24	8.55
2686.50	2686.6	2687	479468	479468	25.4	10
2687.00	2687.1	2687	479828	479828	32.3	12.8
2687.50	2687.6	2688	480196	480196	39.4	14
2688.00	2688.1	2688	480568	480568	65.2	29.8
2688.50	2688.6	2689	480942	480942	72.5	38.1
2689.00	2689.1	2689	481313	481313	45.8	20.7
2689.50	2689.6	2690	481677	481677	53.4	24.3
2690.00	2690.1	2690	482031	482031	42.3	20.4
2690.50	2690.6	2691	482371	482372	42.4	16.9
2691.00	2691.1	2691	482710	482711	62.4	31.8
2691.50	2691.6	2692	483058	483058	35.4	11.5
2692.00	2692.1	2692	483418	483418	29.9	10.4
2692.50	2692.6	2693	483789	483789	36.4	11.1
2693.00	2693.1	2693	484160	484160	30	9.54
2693.50	2693.6	2694	484522	484522	32.2	10.2
2694.00	2694.1	2694	484879	484879	21.8	7.13
2694.50	2694.6	2695	485233	485233	26.9	8.03
2695.00	2695.1	2695	485584	485584	26.6	10.5
2695.50	2695.6	2696	485930	485930	29.1	12.4
2696.00	2696.1	2696	486271	486271	28	11.7
2696.50	2696.6	2697	486611	486611	24.1	9.56
2697.00	2697.1	2697	486956	486956	26.2	11.3
2697.50	2697.6	2698	487312	487312	15.7	4.53
2698.00	2698.1	2698	487682	487682	17.2	6.67
2698.50	2698.6	2699	488063	488064	16.9	5.55
2699.00	2699.1	2699	488453	488453	13.6	4.09
2699.50	2699.6	2700	488847	488847	10	3.49
2700.10	2700.2	2700	489326	489326	18.9	5.49
2700.59	2700.68	2701	489720	489721	19.6	4.13
2701.00	2701.1	2701	490063	490064	10.7	2.45
2701.60	2701.7	2702	490564	490565	10.8	2.03
2702.10	2702.2	2702	490978	490978	14.2	3.15
2702.50	2702.6	2703	491305	491305	20.8	7.22
2703.10	2703.2	2703	491797	491797	11.8	3.37
2703.60	2703.7	2704	492219	492219	8.37	2.09
2704.00	2704.1	2704	492566	492566	16.1	4.55
2704.59	2704.71	2705	493096	493096	19.1	5.74
2705.10	2705.2	2705	493531	493531	13.8	3.84
2705.50	2705.6	2706	493866	493866	11.1	3.28
2706.10	2706.2	2706	494358	494358	15.4	4.25
2706.60	2706.7	2707	494766	494766	15.9	5.27
2707.00	2707.1	2707	495095	495095	25.8	7.71
2707.60	2707.7	2708	495595	495595	16.5	5.55
2708.10	2708.2	2708	496010	496010	17.8	4.94
2708.51	2708.61	2709	496349	496349	10.4	3.68
2709.10	2709.2	2709	496835	496835	22.3	7.05
2709.60	2709.7	2710	497248	497248	17.2	5.23
2710.00	2710.1	2710	497577	497577	34.4	9.74
2710.60	2710.7	2711	498068	498068	22.5	7.9
2711.10	2711.2	2711	498475	498474	24.5	7.21
2711.50	2711.6	2712	498797	498797	16.2	4.98
2712.10	2712.2	2712	499279	499279	23.9	7.34
2712.60	2712.7	2713	499679	499679	26.4	11.3
2713.00	2713.1	2713	500000	500000	28.7	9.87
2713.60	2713.7	2714	500484	500485	14	6.2
2714.10	2714.2	2714	500892	500893	21.7	6.85
2714.50	2714.6	2715	501221	501223	26.2	10.9
2715.10	2715.2	2715	501717	501718	28.1	9.62
2715.60	2715.7	2716	502126	502127	27.5	8.66
2716.00	2716.1	2716	502450	502451	29.5	8.52
2716.60	2716.7	2717	502930	502931	26.7	8.74
2717.10	2717.2	2717	503332	503333	29.2	12.1
2717.50	2717.6	2718	503658	503658	27.6	9.14
2718.10	2718.2	2718	504150	504150	51.7	11.1
2718.50	2718.6	2719	504479	504479	31.4	12.2
2719.00	2719.1	2719	504894	504894	24.3	10.2
2719.50	2719.6	2720	505311	505311	24.7	8.01
2720.00	2720.1	2720	505726	505725	30.3	9.06
2720.50	2720.6	2721	506133	506133	27	13.9
2721.00	2721.1	2721	506530	506530	39.1	15.4
2721.50	2721.6	2722	506917	506918	32.6	11.9
2722.00	2722.1	2722	507299	507300	38.3	11.7
2722.50	2722.6	2723	507681	507682	26.9	7
2723.00	2723.1	2723	508067	508068	31.1	8.83
2723.50	2723.6	2724	508460	508460	30	18.9
2724.00	2724.1	2724	508863	508863	36	15.6
2724.50	2724.6	2725	509275	509275	58.6	21.7
2725.00	2725.1	2725	509689	509689	42	13.5
2725.50	2725.6	2726	510101	510101	34.5	8.19
2726.00	2726.1	2726	510516	510516	28	6.74
2726.50	2726.6	2727	510940	510940	27.3	11.5
2727.00	2727.1	2727	511368	511368	20.2	4.5
2727.50	2727.605	2728	511797	511796	32.2	14
2728.00	2728.1	2728	512223	512222	48.1	18.2
2728.50	2728.6	2729	512652	512652	25.7	6.92
2728.60	2728.7	2729	512739	512738	30.4	11.2
2729.00	2729.1	2729	513087	513087	22.8	6.19
2729.10	2729.2	2729	513174	513175	32.9	11.5
2729.50	2729.6	2730	513524	513524	17.8	6.38
2729.60	2729.7	2730	513611	513611	23.1	8.1
2730.00	2730.1	2730	513948	513948	27	9.37
2730.10	2730.2	2730	514030	514030	26.8	9.5
2730.50	2730.6	2731	514356	514357	17.4	5.86
2730.60	2730.7	2731	514440	514441	26	9.22
2731.00	2731.1	2731	514799	514800	40.6	13.7
2731.10	2731.2	2731	514896	514897	23.2	7.46
2731.50	2731.6	2732	515313	515313	16.4	3.99
2731.60	2731.7	2732	515422	515422	20.3	6.54
2732.00	2732.1	2732	515866	515866	18.8	7.35
2732.10	2732.2	2732	515977	515977	13.9	5.46
2732.50	2732.6	2733	516422	516422	15.8	5.81
2732.60	2732.7	2733	516534	516533	15.3	4.91
2733.00	2733.1	2733	516981	516981	22.4	8.35
2733.10	2733.2	2733	517094	517094	28.4	8.04
2733.50	2733.6	2734	517548	517549	19.1	4.84
2733.60	2733.7	2734	517664	517665	23.2	6.42
2734.00	2734.1	2734	518134	518135	23.3	8.16
2734.10	2734.2	2734	518253	518254	28.8	8.39
2734.50	2734.6	2735	518740	518740	17.9	6.04
2734.60	2734.7	2735	518862	518862	29.5	10.4
2735.00	2735.1	2735	519350	519350	10.1	2.24
2735.10	2735.2	2735	519470	519470	18.4	4.96
2735.50	2735.6	2736	519948	519948	18.8	6.51
2736.00	2736.1	2736	520538	520538	26.8	10.1
2736.50	2736.6	2737	521124	521123	21.3	7.89
2737.00	2737.1	2737	521718	521717	32.4	8.69
2737.50	2737.6	2738	522332	522331	18.6	5.71
2738.00	2738.1	2738	522975	522974	25	8.3
2738.50	2738.6	2739	523645	523645	25.3	9.93
2739.00	2739.1	2739	524304	524305	22.4	8.5
2739.50	2739.6	2740	524924	524925	19	5.87
2740.00	2740.1	2740	525520	525521	39.8	14.3
2740.50	2740.6	2741	526111	526112	31.2	16.7
2741.00	2741.1	2741	526698	526698	39.1	19.7
2741.50	2741.6	2742	527281	527282	32.5	12.7
2742.00	2742.1	2742	527866	527867	25.7	7.23
2742.50	2742.595	2743	528450	528450	39.1	10.4
2743.00	2743.1	2743	529031	529030	34.6	15
2743.50	2743.6	2744	529585	529585	36.2	12.5
2744.00	2744.1	2744	530120	530121	32	9.05
2744.50	2744.6	2745	530640	530641	32	11.3
2745.00	2745.1	2745	531150	531149	31.6	9.44
2745.50	2745.6	2746	531643	531643	31	14.6
2746.00	2746.1	2746	532091	532091	24.1	7.02
2746.50	2746.6	2747	532477	532477	33.1	14.5
2747.00	2747.1	2747	532840	532840	37.5	16.7
2747.50	2747.6	2748	533215	533214	31.9	11.2
2748.00	2748.1	2748	533602	533601	41.2	15.2
2748.50	2748.6	2749	533995	533996	60.1	28.5
2749.00	2749.1	2749	534402	534404	61.6	17.9
2749.50	2749.6	2750	534826	534827	95.4	55.7
2750.00	2750.1	2750	535255	535255	136	57.5
2750.50	2750.6	2751	535679	535680	167	92.9
2751.00	2751.1	2751	536110	536111	205	109
2751.50	2751.6	2752	536554	536554	204	99.2
2752.00	2752.1	2752	537003	537003	123	61.2
2752.50	2752.6	2753	537450	537449	264	145
2753.00	2753.1	2753	537893	537893	211	99.5
2753.50	2753.6	2754	538335	538335	128	64
2754.00	2754.1	2754	538775	538775	110	44.2
2754.50	2754.6	2755	539212	539213	113	58.5
2755.00	2755.1	2755	539646	539647	109	58.1
2755.50	2755.6	2756	540080	540080	137	55.8
2756.00	2756.1	2756	540523	540522	184	63.5
2756.50	2756.6	2757	540980	540980	115	66.8
2757.00	2757.1	2757	541450	541450	126	40.3
2757.50	2757.6	2758	541929	541929	130	55.4
2758.00	2758.09	2758	542410	542410	95.3	36.6
2758.50	2758.615	2759	542913	542913	224	136
2759.00	2759.1	2759	543405	543405	158	130
2759.50	2759.6	2760	543912	543912	256	137
2760.00	2760.1	2760	544426	544426	184	124
2760.50	2760.6	2761	544945	544945	183	118
2761.00	2761.1	2761	545467	545467	261	123
2761.50	2761.6	2762	545988	545988	140	71.4
2762.00	2762.1	2762	546506	546507	231	107
2762.50	2762.6	2763	547019	547020	136	63.9
2763.00	2763.1	2763	547524	547525	113	61.5
2763.50	2763.6	2764	548018	548018	151	75.7
2764.00	2764.1	2764	548503	548503	132	61.1
2764.50	2764.6	2765	548983	548983	120	68.8
2765.00	2765.1	2765	549456	549456	176	111
2765.50	2765.6	2766	549919	549919	130	65.3
2766.00	2766.1	2766	550371	550371	78.4	25.8
2766.50	2766.6	2767	550815	550815	63.8	33
2767.00	2767.1	2767	551262	551262	78.6	37.8
2767.50	2767.6	2768	551715	551715	141	89.6
2768.00	2768.1	2768	552150	552150	119	59.5
2768.50	2768.6	2769	552546	552546	81.8	47.2
2769.00	2769.1	2769	552915	552916	63.4	26.5
2769.50	2769.595	2770	553273	553274	42.4	16
2770.00	2770.1	2770	553636	553636	71.7	24.2
2770.50	2770.6	2771	554007	554007	55.8	22.6
2771.00	2771.1	2771	554388	554388	86.6	44.1
2771.50	2771.6	2772	554776	554776	68.1	38
2772.00	2772.1	2772	555159	555159	73.3	37.1
2772.50	2772.6	2773	555527	555527	71.3	34.2
2773.00	2773.1	2773	555891	555891	55.8	21
2773.50	2773.6	2774	556260	556260	36.4	13.7
2774.00	2774.1	2774	556636	556636	25.6	8.36
2774.50	2774.6	2775	557016	557016	26.1	9.08
2775.00	2775.1	2775	557393	557393	19.1	4.6
2775.50	2775.6	2776	557763	557762	11	3
2776.00	2776.1	2776	558137	558136	40.4	21.3
2776.50	2776.6	2777	558527	558525	20	5.9
2777.00	2777.1	2777	558930	558929	32	10.6
2777.50	2777.6	2778	559343	559343	29.6	11.6
2778.00	2778.1	2778	559766	559767	38.3	14.3
2778.50	2778.6	2779	560196	560196	34.9	8.6
2779.00	2779.1	2779	560615	560614	40.4	11.8
2779.50	2779.6	2780	561010	561009	72.5	30.9
2780.00	2780.1	2780	561386	561386	42.4	15.1
2780.50	2780.6	2781	561758	561758	30.1	12.5
2781.00	2781.1	2781	562150	562150	33	11.5
2781.50	2781.6	2782	562577	562577	30.2	13.9
2782.00	2782.1	2782	563026	563026	18.8	5.85
2782.50	2782.6	2783	563479	563479	23.7	10.7
2783.00	2783.1	2783	563926	563926	17.2	7.26
2783.50	2783.6	2784	564365	564366	14.7	4.32
2784.00	2784.1	2784	564801	564800	12.2	4.71
2784.50	2784.6	2785	565234	565234	13.6	5.32
2785.00	2785.1	2785	565659	565658	13.8	3.85
2785.50	2785.6	2786	566069	566068	15	5.61
2786.00	2786.1	2786	566475	566475	10.5	3.79
2786.50	2786.6	2787	566886	566886	8.3	2.75
2787.00	2787.1	2787	567292	567292	12.9	4.4
2787.50	2787.6	2788	567685	567685	12.8	4.39
2788.00	2788.1	2788	568067	568068	7.05	2.24
2788.50	2788.6	2789	568444	568446	10.6	3.77
2789.00	2789.1	2789	568821	568822	9.45	3.33
2789.50	2789.6	2790	569197	569197	10.4	2.93
2790.00	2790.1	2790	569568	569568	11	4.22
2790.50	2790.6	2791	569930	569930	23.2	7.82
2791.00	2791.1	2791	570289	570289	10.3	2.9
2791.50	2791.595	2792	570646	570646	9.36	3.54
2792.00	2792.1	2792	571003	571003	9.85	2.48
2792.50	2792.6	2793	571353	571353	13.3	4.66
2792.99	2793.1	2793	571693	571693	15.6	6.31
2793.50	2793.6	2794	572036	572036	9.56	1.71
2794.00	2794.1	2794	572373	572373	10	3.21
2794.50	2794.6	2795	572707	572707	16.2	6.81
2795.00	2795.1	2795	573032	573032	18.4	7.33
2795.50	2795.6	2796	573344	573344	14.9	5
2796.00	2796.1	2796	573648	573647	20.1	8.27
2796.50	2796.6	2797	573948	573948	18.5	7.58
2797.00	2797.1	2797	574244	574244	15.3	4.9
2797.50	2797.6	2798	574536	574536	14.4	5.69
2798.00	2798.1	2798	574828	574828	16.7	6.65
2798.50	2798.6	2799	575124	575124	20.3	7.93
2799.00	2799.1	2799	575421	575421	19.5	7.33
2799.50	2799.6	2800	575714	575714	26.4	11.8
2800.00	2800.1	2800	576009	576009	18.7	6.33
2800.50	2800.6	2801	576305	576305	34.8	14.8
2801.00	2801.1	2801	576600	576600	28.3	11.2
2801.50	2801.6	2802	576893	576893	20.1	8.16
2802.00	2802.1	2802	577185	577185	21.3	8.25
2802.50	2802.6	2803	577475	577475	13.7	3.97
2803.00	2803.1	2803	577751	577752	18.5	5.03
2803.50	2803.6	2804	578007	578009	15.3	3.76
2804.00	2804.1	2804	578258	578259	15.2	4.27
2804.50	2804.6	2805	578515	578515	19	7.34
2805.00	2805.1	2805	578769	578769	16.5	4.59
2805.50	2805.6	2806	579014	579014	20.5	5.78
2806.00	2806.1	2806	579253	579253	15.7	4.94
2806.50	2806.6	2807	579489	579489	8.4	2.24
2807.00	2807.1	2807	579721	579721	10.5	3.09
2807.50	2807.6	2808	579951	579951	12.7	4.2
2808.00	2808.1	2808	580184	580184	19.7	6.35
2808.50	2808.6	2809	580424	580424	16.8	7.1
2809.00	2809.1	2809	580670	580670	20.7	6.42
2809.50	2809.6	2810	580918	580918	27	10.4
2810.00	2810.1	2810	581171	581172	26.6	10.8
2810.50	2810.6	2811	581432	581432	24.5	9.34
2811.00	2811.1	2811	581700	581700	24.9	8.27
2811.51	2811.61	2812	581982	581982	33.2	12.4
2812.00	2812.1	2812	582262	582262	29.9	12.6
2812.50	2812.6	2813	582556	582556	42.3	15.9
2813.00	2813.1	2813	582842	582842	50.4	22.6
2813.50	2813.6	2814	583106	583106	39.5	20.6
2814.00	2814.1	2814	583364	583364	115	51.5
2814.50	2814.6	2815	583629	583629	103	48.8
2815.00	2815.1	2815	583895	583895	111	36.6
2815.50	2815.6	2816	584154	584154	83.3	35
2816.00	2816.1	2816	584407	584407	50.6	20.1
2816.50	2816.6	2817	584658	584658	21.3	7.32
2817.00	2817.1	2817	584913	584913	29.5	10.5
2817.50	2817.6	2818	585177	585177	30.6	10.2
2818.00	2818.1	2818	585438	585438	64.7	21.5
2818.50	2818.6	2819	585685	585685	31.2	9.22
2819.00	2819.1	2819	585916	585916	12.7	2.76
2819.50	2819.6	2820	586135	586135	25.1	8.74
2820.00	2820.1	2820	586352	586352	24.7	6.63
2820.50	2820.6	2821	586581	586581	49.9	17.9
2821.00	2821.1	2821	586830	586830	77.9	32.3
2821.50	2821.6	2822	587098	587099	38.4	13.9
2822.00	2822.1	2822	587371	587371	47.1	17.8
2822.50	2822.6	2823	587635	587634	29.2	12.6
2822.99	2823.1	2823	587893	587892	18	3.76
2823.50	2823.6	2824	588169	588169	14.9	4.52
2824.00	2824.1	2824	588451	588451	19.3	5.61
2824.50	2824.6	2825	588739	588740	13.4	3.01
2825.00	2825.1	2825	589029	589029	12.3	2.74
2825.50	2825.6	2826	589312	589312	10.4	3
2826.00	2826.1	2826	589587	589587	11.1	3.29
2826.50	2826.6	2827	589853	589853	16.4	3.98
2827.00	2827.1	2827	590114	590114	15.2	4.07
2827.50	2827.6	2828	590373	590373	9.04	2.3
2828.00	2828.1	2828	590637	590637	8.23	1.88
2828.50	2828.6	2829	590908	590908	16.7	6.28
2829.00	2829.1	2829	591174	591174	10.3	2.18
2829.50	2829.6	2830	591423	591424	13.8	3.17
2830.00	2830.1	2830	591654	591655	22.2	7.16
2830.50	2830.6	2831	591869	591869	39.4	17.4
2831.00	2831.1	2831	592074	592074	42.2	17
2831.50	2831.6	2832	592279	592279	31.8	17
2832.00	2832.1	2832	592482	592482	33.7	16
2832.50	2832.6	2833	592683	592683	40.6	16.6
2833.00	2833.1	2833	592880	592880	51.3	18.8
2833.50	2833.6	2834	593072	593072	53	24.7
2834.00	2834.1	2834	593260	593260	43.1	23.9
2834.48	2834.6	2835	593441	593441	32.6	17.8
2835.00	2835.1	2835	593628	593629	37.7	20
2835.50	2835.6	2836	593813	593813	39.9	18.4
2836.00	2836.1	2836	593995	593995	45.1	16
2836.50	2836.6	2837	594174	594173	50.8	22.3
2837.00	2837.1	2837	594350	594349	52.9	26.4
2837.50	2837.6	2838	594524	594524	35.3	15.4
2838.00	2838.1	2838	594698	594698	20	6.01
2838.50	2838.6	2839	594871	594871	21.1	7.38
2839.00	2839.1	2839	595042	595042	30.9	9.41
2839.50	2839.6	2840	595211	595211	37.5	15.7
2840.00	2840.1	2840	595382	595382	34.3	14
2840.50	2840.6	2841	595558	595559	32.8	14.2
2841.00	2841.1	2841	595738	595738	67.2	30.4
2841.50	2841.6	2842	595919	595919	58	20.8
2842.00	2842.1	2842	596102	596102	74.8	25.5
2842.50	2842.6	2843	596288	596288	81.6	41.7
2843.00	2843.1	2843	596474	596475	63.8	32.7
2843.50	2843.6	2844	596661	596662	61.3	33.1
2844.00	2844.1	2844	596857	596857	82.8	40.2
2844.50	2844.6	2845	597063	597062	62.3	10.4
2845.00	2845.1	2845	597250	597249	137	78.1
2845.50	2845.6	2846	597415	597415	115	56.2
2845.99	2846.1	2846	597643	597644	81.9	30
2846.50	2846.6	2847	598001	598001	54.5	34.4
2847.00	2847.1	2847	598402	598402	82.8	25.8
2847.50	2847.6	2848	598777	598777	89.1	33.6
2848.00	2848.1	2848	599138	599138	65.9	32.7
2848.50	2848.6	2849	599503	599503	69.5	31.2
2849.00	2849.1	2849	599863	599863	88.8	28.2
2849.50	2849.6	2850	600210	600210	42.4	20.5
2850.00	2850.1	2850	600554	600554	57.4	17
2850.50	2850.6	2851	600904	600904	48.4	14
2851.00	2851.1	2851	601257	601257	51.9	16.5
2851.50	2851.6	2852	601608	601608	33.9	9.19
2852.02	2852.14	2852	601983	601983	104	34.4
2852.50	2852.6	2853	602324	602323	37.4	16.8
2853.00	2853.1	2853	602688	602687	32.7	15
2853.50	2853.6	2854	603048	603048	37.4	13.5
2854.00	2854.1	2854	603405	603406	25.5	10.3
2854.50	2854.6	2855	603760	603760	24.6	7.51
2855.00	2855.1	2855	604117	604117	29.1	8.79
2855.50	2855.6	2856	604477	604477	9.4	3.04
2856.00	2856.1	2856	604836	604836	22.8	6.16
2856.50	2856.6	2857	605191	605191	15.1	3.96
2857.00	2857.1	2857	605547	605547	11.7	4.39
2857.45	2857.56	2858	605876	605875	15.6	4.98
2857.98	2858.09	2858	606261	606260	18.2	6.25
2858.50	2858.6	2859	606636	606636	32.3	12.8
2859.00	2859.1	2859	607002	607002	43.6	11
2859.50	2859.6	2860	607368	607368	64.7	15.1
2860.00	2860.1	2860	607730	607730	14.9	4.2
2860.50	2860.6	2861	608085	608085	11.7	3.1
2861.00	2861.1	2861	608441	608441	11.3	2.94
2861.50	2861.6	2862	608801	608801	19	8.24
2862.00	2862.1	2862	609158	609158	13	4.81
2862.50	2862.6	2863	609505	609505	7.75	2.44
2863.00	2863.1	2863	609847	609847	9.32	2.57
2863.50	2863.6	2864	610189	610189	12	4.39
2864.00	2864.1	2864	610530	610530	10	2.68
2864.50	2864.6	2865	610867	610867	10	3.26
2865.00	2865.09	2865	611197	611197	10	3.04
2865.50	2865.6	2866	611531	611531	6.48	1.73
2866.00	2866.1	2866	611857	611856	7.47	2.38
2866.50	2866.6	2867	612175	612175	6.56	1.63
2867.00	2867.1	2867	612488	612488	8.34	2.08
2867.50	2867.6	2868	612797	612797	8.55	2.59
2868.00	2868.1	2868	613103	613103	6.28	1.66
2868.50	2868.6	2869	613407	613407	12.5	3.92
2869.00	2869.1	2869	613707	613707	10	2.49
2869.50	2869.6	2870	614003	614003	8.06	1.98
2870.00	2870.1	2870	614297	614297	11.8	3.04
2870.50	2870.6	2871	614589	614590	8.66	3.12
2871.00	2871.1	2871	614877	614878	10.9	2.4
2871.50	2871.6	2872	615159	615159	10.3	3.48
2872.00	2872.1	2872	615437	615437	13.1	3.22
2872.50	2872.6	2873	615714	615715	9.86	2.72
2873.00	2873.1	2873	616002	616003	9.16	2.53
2873.50	2873.6	2874	616305	616306	18.8	5.88
2874.00	2874.1	2874	616614	616614	13.3	4.16
2874.50	2874.6	2875	616916	616915	11.1	2.84
2875.00	2875.1	2875	617214	617213	12.7	4.36
2875.50	2875.6	2876	617511	617511	11.4	3.8
2876.00	2876.1	2876	617810	617811	12.9	3.68
2876.49	2876.58	2877	618101	618102	17.5	7.3
2877.00	2877.1	2877	618414	618415	15.1	5.41
2877.50	2877.6	2878	618717	618717	11.3	2.78
2878.00	2878.1	2878	619020	619019	9.55	2.84
2878.50	2878.6	2879	619324	619323	11.5	3.56
2879.00	2879.1	2879	619623	619623	7.99	2.53
2879.50	2879.6	2880	619915	619915	13.2	4.79
2880.00	2880.1	2880	620206	620206	10.3	3.48
2880.50	2880.6	2881	620501	620501	11	3.55
2881.00	2881.1	2881	620798	620798	20.9	6.8
2881.50	2881.6	2882	621093	621093	16.1	5.01
2882.00	2882.1	2882	621387	621388	8.54	2.56
2882.50	2882.6	2883	621683	621683	13.8	5.4
2883.00	2883.1	2883	621977	621978	7.23	1.59
2883.50	2883.6	2884	622271	622271	10.2	3.8
2884.00	2884.1	2884	622563	622562	16.8	4.95
2884.50	2884.6	2885	622854	622854	9.54	2.14
2885.00	2885.1	2885	623148	623149	18.1	3.99
2885.47	2885.58	2886	623433	623434	15.4	5.88
2886.00	2886.1	2886	623750	623751	16.8	4.08
2886.50	2886.6	2887	624049	624049	21.5	5.73
2887.00	2887.1	2887	624346	624346	29.9	9.81
2887.50	2887.6	2888	624643	624642	12.7	4.22
2888.00	2888.1	2888	624936	624936	19.3	6.47
2888.50	2888.6	2889	625223	625223	16.9	6.47
2889.00	2889.1	2889	625505	625505	27.3	6.92
2889.50	2889.6	2890	625784	625784	21.2	6.92
2890.00	2890.1	2890	626068	626068	45.2	15.4
2890.50	2890.6	2891	626365	626365	25.6	7.66
2891.00	2891.1	2891	626670	626670	47.9	20.1
2891.50	2891.6	2892	626979	626980	30.4	10
2892.00	2892.1	2892	627296	627297	35.5	11.2
2892.50	2892.6	2893	627623	627623	25.3	5.28
2893.00	2893.1	2893	627962	627961	60.3	24.6
2893.50	2893.6	2894	628313	628313	68.8	21.2
2894.00	2894.1	2894	628670	628670	40.8	11.9
2894.50	2894.6	2895	629022	629022	54.1	27.7
2895.00	2895.1	2895	629357	629357	155	75.6
2895.50	2895.61	2896	629674	629674	117	46.6
2896.00	2896.1	2896	629978	629978	145	62.6
2896.50	2896.6	2897	630290	630290	142	77.3
2897.00	2897.1	2897	630607	630607	137	84.6
2897.50	2897.6	2898	630922	630922	149	85.1
2898.00	2898.1	2898	631223	631223	154	80.5
2898.50	2898.6	2899	631503	631503	262	137
2899.00	2899.1	2899	631775	631775	145	73.9
2899.50	2899.6	2900	632052	632051	122	47.8
2900.00	2900.1	2900	632331	632330	97.9	38.9
2900.50	2900.6	2901	632610	632609	112	70
2901.00	2901.1	2901	632884	632884	117	46.7
2901.50	2901.6	2902	633151	633151	72.6	34.6
2902.00	2902.1	2902	633417	633417	77.6	39
2902.50	2902.6	2903	633686	633687	125	71.5
2903.00	2903.09	2903	633959	633959	134	77
2903.50	2903.6	2904	634245	634244	102	55.2
2904.00	2904.1	2904	634541	634540	233	150
2904.50	2904.6	2905	634854	634854	136	85.9
2905.00	2905.1	2905	635174	635174	143	87
2905.50	2905.6	2906	635489	635489	165	112
2906.00	2906.1	2906	635794	635794	199	125
2906.50	2906.6	2907	636096	636096	109	89.3
2907.00	2907.1	2907	636437	636438	171	121
2907.50	2907.6	2908	636849	636849	144	90.9
2908.00	2908.1	2908	637303	637302	119	53.9
2908.50	2908.6	2909	637766	637766	116	56.5
2909.00	2909.1	2909	638228	638229	150	89.3
2909.50	2909.6	2910	638689	638689	115	79.1
2910.00	2910.1	2910	639174	639173	183	115
2910.50	2910.6	2911	639699	639698	130	53.4
2911.00	2911.1	2911	640240	640240	293	168
2911.50	2911.6	2912	640774	640774	136	80.3
2912.00	2912.1	2912	641304	641304	147	76.7
2912.50	2912.6	2913	641833	641833	103	76.6
2913.00	2913.1	2913	642358	642358	142	85.5
2913.50	2913.6	2914	642872	642873	175	92.8
2914.00	2914.1	2914	643363	643364	108	54.4
2914.50	2914.6	2915	643819	643819	117	49.5
2915.00	2915.1	2915	644233	644233	153	72
2915.50	2915.6	2916	644609	644609	115	61.2
2916.00	2916.1	2916	644970	644971	97.3	37.9
2916.50	2916.6	2917	645339	645340	148	52.5
2917.00	2917.1	2917	645708	645707	106	49.7
2917.50	2917.6	2918	646069	646069	187	83.8
2918.00	2918.1	2918	646429	646429	141	56.1
2918.50	2918.6	2919	646795	646795	72.4	44.1
2919.00	2919.1	2919	647164	647164	153	72.4
2919.50	2919.6	2920	647532	647532	176	105
2920.00	2920.13	2920	647916	647916	149	77.8
2920.50	2920.6	2921	648278	648279	116	57.4
2921.00	2921.1	2921	648635	648636	107	58.1
2921.50	2921.6	2922	648963	648963	77.4	38.8
2922.00	2922.1	2922	649281	649281	44.9	18.7
2922.50	2922.6	2923	649607	649607	59.8	20.4
2923.00	2923.1	2923	649937	649937	97	42.4
2923.50	2923.6	2924	650263	650263	48.2	16
2924.00	2924.1	2924	650590	650589	98.1	36.1
2924.50	2924.6	2925	650918	650917	63.6	35.2
2925.00	2925.1	2925	651243	651243	58.7	31.3
2925.50	2925.6	2926	651564	651564	97.4	43.8
2926.00	2926.1	2926	651889	651889	111	70.5
2926.50	2926.6	2927	652225	652225	181	83.5
2927.00	2927.1	2927	652565	652565	251	122
2927.50	2927.6	2928	652903	652903	65.4	29.5
2928.00	2928.1	2928	653231	653231	85.4	28.4
2928.50	2928.6	2929	653552	653552	40.9	15.2
2929.00	2929.1	2929	653885	653885	95	51.3
2929.50	2929.6	2930	654242	654242	143	65.6
2930.00	2930.1	2930	654600	654600	52.3	21.6
2930.50	2930.6	2931	654938	654937	33.1	14.6
2931.00	2931.1	2931	655267	655266	42.4	15.5
2931.50	2931.6	2932	655600	655600	36.2	12.1
2932.00	2932.1	2932	655939	655940	81	39.1
2932.50	2932.6	2933	656286	656286	103	52.8
2933.00	2933.1	2933	656635	656634	147	85.7
2933.48	2933.58	2934	656970	656970	50.4	19.3
2934.00	2934.1	2934	657336	657336	192	85.6
2934.50	2934.6	2935	657695	657694	67.6	40.2
2935.00	2935.1	2935	658060	658059	122	71.3
2935.50	2935.6	2936	658434	658432	183	83.9
2936.00	2936.1	2936	658825	658824	115	59.2
2936.50	2936.6	2937	659238	659238	155	87.7
2937.00	2937.1	2937	659657	659657	122	57.7
2937.50	2937.6	2938	660067	660068	159	82.8
2938.00	2938.1	2938	660476	660476	197	112
2938.50	2938.6	2939	660891	660890	110	48.4
2939.00	2939.1	2939	661320	661319	95.6	47.7
2939.50	2939.6	2940	661764	661763	77	38.9
2940.00	2940.1	2940	662213	662213	46.4	23.7
2940.50	2940.6	2941	662656	662656	67.3	26.5
2941.00	2941.11	2941	663100	663100	140	83
2941.50	2941.6	2942	663536	663535	97.8	43.5
2942.00	2942.1	2942	663981	663980	113	55.6
2942.50	2942.6	2943	664431	664431	139	93.7
2943.00	2943.1	2943	664881	664882	283	178
2943.50	2943.6	2944	665331	665332	438	249
2944.00	2944.1	2944	665804	665805	234	142
2944.50	2944.6	2945	666318	666318	304	197
2945.00	2945.1	2945	666850	666850	367	213
2945.50	2945.6	2946	667379	667379	232	116
2946.00	2946.1	2946	667888	667888	283	140
2946.50	2946.6	2947	668364	668364	256	132
2947.00	2947.1	2947	668805	668804	98.1	48.2
2947.50	2947.6	2948	669213	669212	128	55.9
2948.00	2948.095	2948	669603	669603	74.6	34.4
2948.50	2948.6	2949	669998	669999	79.3	40
2949.00	2949.1	2949	670400	670401	103	51.1
2949.50	2949.6	2950	670811	670810	77.6	31.9
2950.00	2950.1	2950	671219	671217	89.6	46.7
2950.50	2950.6	2951	671618	671617	118	60.1
2951.00	2951.1	2951	672021	672021	135	63.2
2951.50	2951.6	2952	672436	672436	98.1	50.1
2952.00	2952.1	2952	672845	672845	80.8	33.2
2952.50	2952.6	2953	673230	673231	70	30.7
2953.00	2953.1	2953	673601	673602	95.8	51.3
2953.50	2953.6	2954	673966	673966	57.5	23.9
2954.00	2954.1	2954	674326	674326	55.1	22.8
2954.50	2954.6	2955	674680	674680	31.5	14.5
2955.00	2955.1	2955	675030	675030	17.5	4.49
2955.50	2955.6	2956	675374	675374	14.7	3.66
2956.00	2956.1	2956	675716	675716	16.7	5.92
2956.50	2956.6	2957	676057	676057	8.54	1.9
2957.00	2957.1	2957	676397	676396	7.41	1.81
2957.50	2957.6	2958	676735	676734	22	8.74
2958.00	2958.095	2958	677076	677076	13.4	3.93
2958.47	2958.6	2959	677418	677419	19.6	6.2
2959.00	2959.1	2959	677787	677788	32.3	16.8
2959.50	2959.6	2960	678147	678147	18.9	5.96
2960.00	2960.16	2960	678522	678522	11.8	2.77
2960.50	2960.6	2961	678844	678844	21.1	7.25
2961.00	2961.1	2961	679178	679178	6.12	1.13
2961.50	2961.6	2962	679505	679504	5.43	1.31
2962.00	2962.1	2962	679829	679828	14.2	6.33
2962.50	2962.6	2963	680154	680154	10.3	3.46
2963.00	2963.1	2963	680480	680480	52.8	27.5
2963.50	2963.6	2964	680806	680806	19.2	7.66
2964.00	2964.1	2964	681139	681139	13.9	4.05
2964.50	2964.6	2965	681479	681479	38.8	13.7
2965.00	2965.1	2965	681824	681824	30	14.1
2965.50	2965.62	2966	682178	682179	81.8	38.5
2966.00	2966.1	2966	682531	682531	57.4	31.2
2966.50	2966.6	2967	682906	682905	35.6	17.9
2967.00	2967.1	2967	683283	683282	41	20
2967.50	2967.6	2968	683652	683652	38	15.4
2968.00	2968.1	2968	684013	684014	28.6	11.8
2968.50	2968.6	2969	684371	684372	36	12.7
2969.00	2969.1	2969	684728	684728	27.7	10.3
2969.50	2969.6	2970	685082	685081	27.2	13.5
2970.00	2970.1	2970	685430	685429	33.9	15.9
2970.50	2970.6	2971	685768	685768	30	13.1
2971.00	2971.1	2971	686099	686100	18.6	10
2971.50	2971.6	2972	686425	686426	42.8	17.1
2972.00	2972.1	2972	686742	686742	26.2	9.04
2972.50	2972.6	2973	687053	687052	34	13.4
2973.00	2973.1	2973	687380	687378	30.4	9.81
2973.50	2973.6	2974	687737	687735	17	5.15
2974.00	2974.1	2974	688101	688101	28.7	12.2
2974.50	2974.6	2975	688453	688454	26.8	8.18
2975.00	2975.1	2975	688797	688798	24.1	8.6
2975.50	2975.6	2976	689140	689140	24.9	10.3
2976.00	2976.1	2976	689485	689485	13.4	3.87
2976.50	2976.6	2977	689834	689834	25.1	8.59
2977.00	2977.1	2977	690179	690179	33.5	14.8
2977.50	2977.59	2978	690511	690511	20.8	6.21
2978.00	2978.1	2978	690845	690845	14.7	4.14
2978.50	2978.6	2979	691175	691175	32.3	13.6
2979.00	2979.1	2979	691505	691505	27.6	9.36
2979.50	2979.6	2980	691834	691833	19.5	5.55
2980.00	2980.1	2980	692158	692157	15.5	5.57
2980.50	2980.62	2981	692483	692482	20.3	6.53
2981.00	2981.1	2981	692793	692792	15.8	4.21
2981.50	2981.6	2982	693108	693108	16.6	7.39
2982.00	2982.1	2982	693424	693424	17.1	4.75
2982.50	2982.6	2983	693739	693739	10.1	2.73
2983.00	2983.1	2983	694055	694055	16	5.03
2983.50	2983.6	2984	694369	694368	22.1	5.8
2984.00	2984.1	2984	694666	694666	19.2	6.53
2984.50	2984.6	2985	694938	694937	17.6	7.85
2985.00	2985.1	2985	695198	695198	18.7	6.74
2985.50	2985.6	2986	695461	695461	18.2	5.11
2986.00	2986.1	2986	695725	695725	19	8.26
2986.5	2986.615	2986.557	695991	695991	17.8	5.98
2987	2987.1	2987.05	696246	696246	11	2.99
2987.5	2987.6	2987.55	696503	696503	16.6	6.07
2988	2988.1	2988.05	696760	696760	6.87	1.89
2988.5	2988.6	2988.55	697019	697019	9.66	2.72
2989	2989.1	2989.05	697278	697278	17.5	7.37
2989.5	2989.6	2989.55	697535	697535	13.8	3.68
2990	2990.1	2990.05	697790	697790	10.8	3.46
2990.5	2990.6	2990.55	698044	698044	14.7	5.34
2991	2991.1	2991.05	698295	698295	16.8	5.78
2991.5	2991.6	2991.55	698545	698545	13.9	4.14
2992	2992.1	2992.05	698795	698795	19.6	8.19
2992.5	2992.6	2992.55	699047	699047	11.5	3.23
2993	2993.1	2993.05	699298	699298	12.2	5.06
2993.5	2993.6	2993.55	699546	699546	5.66	1.85
2994	2994.1	2994.05	699795	699795	8.66	3
2994.5	2994.6	2994.55	700046	700046	7.51	2.63
2995	2995.1	2995.05	700298	700298	10.5	4.29
2995.5	2995.6	2995.55	700548	700548	9.43	2.2
2996	2996.1	2996.05	700794	700794	3.16	0.66
2996.5	2996.6	2996.55	701037	701037	10.3	2.39
2997	2997.1	2997.05	701282	701282	7.17	1.47
2997.5	2997.6	2997.55	701533	701533	4.85	0.97
2998	2998.1	2998.05	701785	701785	8.52	3.13
2998.5	2998.6	2998.55	702034	702034	1.83	0.42
2999	2999.1	2999.05	702282	702282	3.86	1.06
2999.5	2999.6	2999.55	702533	702533	4.39	1.36
3000	3000.1	3000.05	702785	702785	4.41	1.04
3000.5	3000.6	3000.55	703038	703038	3.11	0.58
3001	3001.1	3001.05	703290	703289	3.97	1.39
3001.5	3001.6	3001.55	703539	703540	3.22	0.63
3002	3002.1	3002.05	703789	703790	3.93	0.87
3002.5	3002.6	3002.55	704042	704042	5.84	1.62
3003	3003.1	3003.05	704295	704294	4.51	1.2
3003.5	3003.61	3003.555	704550	704549	5.27	1.24
3004	3004.1	3004.05	704799	704799	6	2.43
3004.5	3004.6	3004.55	705051	705051	5.5	1.62
3005	3005.1	3005.05	705302	705301	5.96	1.05
3005.5	3005.6	3005.55	705550	705550	9.1	2.45
3006	3006.1	3006.05	705799	705800	5.48	1.06
3006.5	3006.6	3006.55	706051	706052	3.13	0.49
3007	3007.1	3007.05	706304	706304	3.81	1.01
3007.5	3007.6	3007.55	706557	706556	2.77	0.58
3008	3008.1	3008.05	706809	706809	2.09	0.37
3008.5	3008.6	3008.55	707064	707064	6.26	2.02
3009.02	3009.12	3009.07	707330	707330	3.1	0.61
3009.5	3009.6	3009.55	707575	707576	3.78	1.16
3010	3010.1	3010.05	707831	707832	5.67	1.88
3010.52	3010.61	3010.565	708096	708096	7.48	1.27
3011	3011.12	3011.06	708357	708356	3.06	0.95
3011.5	3011.6	3011.55	708618	708619	6.32	2.16
3012	3012.095	3012.047	708872	708874	1.62	0.29
3012.47	3012.6	3012.535	709100	709102	1.91	0.34
3013	3013.1	3013.05	709332	709332	8.88	2.71
3013.5	3013.6	3013.55	709560	709560	3.04	0.67
3014	3014.095	3014.047	709790	709790	3.55	0.99
3014.5	3014.6	3014.55	710021	710021	6.49	2.55
3015.02	3015.115	3015.067	710257	710256	5.72	0.97
3015.5	3015.6	3015.55	710476	710475	2.22	0.4
3015.97	3016.07	3016.02	710688	710687	7.98	3.09
3016.48	3016.6	3016.54	710921	710921	2.71	0.46
3017	3017.105	3017.052	711149	711149	3.28	0.66
3017.5	3017.625	3017.562	711374	711374	8.8	3.46
3017.97	3018.1	3018.035	711581	711581	5.31	1.1
3018.5	3018.6	3018.55	711806	711805	4.71	1.18
3019	3019.09	3019.045	712021	712021	13	3.26
3019.49	3019.6	3019.545	712238	712238	6.8	2.3
3020.01	3020.12	3020.065	712464	712465	3.68	1.04
3020.5	3020.6	3020.55	712677	712678	6.35	2.1
3021	3021.1	3021.05	712898	712898	8.76	2.34
3021.5	3021.6	3021.55	713121	713120	3.76	1.04
3022	3022.1	3022.05	713343	713342	10.1	3.41
3022.5	3022.6	3022.55	713564	713563	4.15	1.38
3023	3023.1	3023.05	713783	713782	4.89	1.28
3023.5	3023.6	3023.55	714000	714000	17.5	4.89
3024	3024.1	3024.05	714217	714217	6.1	1.84
3024.5	3024.6	3024.55	714434	714434	6.73	1.79
3025	3025.1	3025.05	714648	714648	10.2	3.12
3025.5	3025.6	3025.55	714859	714859	7.27	2.27
3025.975	3026.1	3026.037	715064	715064	6.38	1.71
3026.5	3026.6	3026.55	715280	715280	8.28	2.42
3027	3027.1	3027.05	715492	715491	7.62	1.89
3027.5	3027.6	3027.55	715703	715703	6.86	1.69
3028	3028.1	3028.05	715913	715914	8.02	2.79
